_step,_runtime,cpu/logical_core_count,memory/total_memory_sys_MB,_timestamp,cpu/load/avg_sys_load_fifteen_min_percent,disk/time/disk_read_time_sys_s,disk/time/disk_busy_time_sys_s,memory/used_memory_sys_MB,bandwidth/disk_write_sys_bandwidth_MBs,cpu/interrupts/ctx_switches_count,bandwidth/net_sent_sys_bandwidth_Mbits,process/memory/shared_memory_proc_MB,disk/counter/disk_write_sys_count,process/memory/resident_set_size_proc_MB,disk/counter/disk_read_sys_count,process/memory/dirty_pages_proc_count,bandwidth/disk_read_sys_bandwidth_MBs,cpu/load/avg_sys_load_one_min_percent,cpu/interrupts/soft_interrupts_count,bandwidth/net_recv_sys_bandwidth_Mbits,memory/available_memory_sys_MB,process/memory/text_resident_set_proc_MB,process/voluntary_proc_ctx_switches,disk/time/disk_write_time_sys_s,process/memory/lib_memory_proc_MB,process/memory/data_resident_set_proc_MB,cpu/interrupts/interrupts_count,memory/used_memory_sys_percent,cpu/load/avg_sys_load_five_min_percent,process/memory/virtual_memory_size_proc_MB,process/involuntary_proc_ctx_switches,02_timing/dataload_cuda_move_time_s,02_timing/loss_calc_time_s,02_timing/forward_time_s,03_hivemind/num_peers,02_timing/opt_step_time_s,01_general/locally_processed_samples,01_general/minibatch_loss,02_timing/backward_time_s,02_timing/step_time_s,03_hivemind/global_epoch,01_general/lr,02_timing/dataload_time_s,01_general/dataset_iteration_count,01_general/step
0,1,8.0,31557.173248,1681386050,,,,,,,,,,,,,,,,,,,,,,,,,,,,,,,,,,,,,,,,,
1,1,,,1681386050,8.125,0.0,0.0,732.901376,0.0,13.0,0.0,177.369088,0.0,400.44544,0.0,0.0,0.0,1.125,10.0,0.0,30358.67136,2.654208,92.0,0.0,1009.590272,0.0,17.0,3.8,5.0,8492.609536,21.0,,,,,,,,,,,,,,
2,2,,,1681386051,8.125,0.0,0.012000000000000455,1097.48224,0.012244208377379476,2398.0,0.2775114754483482,182.042624,3.0,609.456128,0.0,0.0,0.0,1.125,921.0,0.258116840737552,29994.070016,2.654208,115.0,0.001999999999497959,1232.920576,0.0,3008.0,5.0,5.0,8849.89952,21.0,,,,,,,,,,,,,,
3,3,,,1681386052,8.125,0.0,0.01999999999998181,1675.69408,0.02041843271213476,2595.0,0.058096821823219624,182.161408,7.0,1184.48128,0.0,0.0,0.0,1.125,1144.0,0.044075101187445495,29415.858176,2.654208,115.0,0.004999999999199645,1813.676032,0.0,3692.0,6.8,5.0,9430.654976,23.0,,,,,,,,,,,,,,
4,4,,,1681386053,8.375,0.0,0.031999999999982265,1691.230208,0.020425875838441753,3016.0,0.006279361055832098,184.324096,11.0,1201.102848,0.0,0.0,0.0,5.125,2163.0,0.016667833850545592,29400.322048,2.654208,115.0,0.009999999999308784,1845.710848,0.0,5194.0,6.8,5.75,9663.61088,24.0,,,,,,,,,,,,,,
5,5,,,1681386054,8.375,0.0,0.04399999999998272,2044.035072,0.35539435197176217,3325.0,0.004930713680284349,319.307776,68.0,1606.967296,0.0,0.0,0.0,5.125,2521.0,0.004627530623800857,29034.954752,2.654208,126.0,0.12999999999919964,2127.945728,0.0,6056.0,8.0,5.75,10316.992512,28.0,,,,,,,,,,,,,,
6,6,,,1681386055,8.375,0.0,0.055999999999983174,2825.465856,0.18793401153221115,3646.0,0.06268722803256636,448.954368,71.0,2514.04288,0.0,0.0,0.0,5.125,2876.0,0.022582084475019356,28253.499392,2.654208,126.0,0.13299999999981083,2904.481792,0.0,6639.0,10.5,5.75,11462.627328,31.0,,,,,,,,,,,,,,
7,7,,,1681386056,8.375,0.0,0.060000000000002274,2645.147648,0.004082134010290615,5615.0,0.020873099299423364,1256.083456,72.0,3130.55232,0.0,0.0,0.0,5.125,3652.0,0.7931139904186106,27642.847232,2.654208,490.0,0.13399999999910506,2747.858944,0.0,8740.0,12.4,5.75,13741.50656,33.0,,,,,,,,,,,,,,
8,8,,,1681386057,8.375,0.0,0.06399999999999295,4589.125632,0.004071915888082935,7121.0,0.05690343393052851,1414.340608,73.0,4887.30624,0.0,0.0,0.0,5.125,4844.0,0.028169386851001614,25540.096,2.654208,639.0,0.13499999999930878,4352.372736,0.0,146989.0,19.1,5.75,18154.614784,34.0,,,,,,,,,,,,,,
9,9,,,1681386058,8.625,0.0,0.07200000000000273,5315.817472,0.16304218520055908,8792.0,0.004107898807273393,2048.503808,101.0,5757.710336,0.0,0.0,0.0,8.625,5714.0,0.006321069090871709,24179.392512,2.654208,855.0,0.17199999999957072,4597.067776,0.0,236251.0,23.4,6.5,19100.250112,37.0,,,,,,,,,,,,,,
10,10,,,1681386059,8.625,0.0,0.07999999999998408,5317.3248,0.004083495324243732,9121.0,0.045333178552190746,2048.507904,102.0,5757.82912,0.0,0.0,0.0,8.625,5934.0,0.008501964907867069,24177.88928,2.654208,855.0,0.17199999999957072,4605.591552,0.0,236500.0,23.4,6.5,19175.75168,37.0,,,,,,,,,,,,,,
11,11,,,1681386060,8.625,0.0,0.09199999999998454,5317.832704,0.08171879617551481,9320.0,0.0,2048.507904,105.0,5757.82912,0.0,0.0,0.0,8.625,6030.0,0.0,24177.373184,2.654208,855.0,0.1749999999992724,4605.591552,0.0,236625.0,23.4,6.5,19175.75168,37.0,,,,,,,,,,,,,,
12,12,,,1681386061,8.625,0.0,0.09599999999997522,5318.12352,0.0040860680835320875,9603.0,0.0440369603691096,2048.507904,106.0,5757.845504,0.0,0.0,0.0,8.625,6207.0,0.009864023711750497,24177.082368,2.654208,855.0,0.17599999999947613,4605.591552,0.0,236830.0,23.4,6.5,19175.75168,37.0,,,,,,,,,,,,,,
13,13,,,1681386062,8.625,0.0,0.09999999999999432,5318.115328,0.0040859913138491825,9828.0,0.0,2048.507904,107.0,5757.845504,0.0,0.0,0.0,8.625,6326.0,0.0,24177.082368,2.654208,855.0,0.17699999999967986,4605.591552,0.0,236979.0,23.4,6.5,19175.75168,37.0,,,,,,,,,,,,,,
14,14,,,1681386063,8.5,0.0,0.103999999999985,5318.115328,0.004085985483082599,10008.0,0.041825488104452635,2048.507904,108.0,5757.845504,0.0,0.0,0.0,8.0,6458.0,0.007677183704626011,24177.082368,2.654208,855.0,0.17699999999967986,4605.591552,0.0,237116.0,23.4,6.375,19175.75168,37.0,,,,,,,,,,,,,,
15,15,,,1681386064,8.5,0.0,0.10799999999997567,5318.111232,0.004085944668182465,10158.0,0.0,2048.507904,109.0,5757.845504,0.0,0.0,0.0,8.0,6549.0,0.0,24177.082368,2.654208,855.0,0.17799999999988358,4605.591552,0.0,237218.0,23.4,6.375,19175.75168,37.0,,,,,,,,,,,,,,
16,16,,,1681386065,8.5,0.0,0.11599999999998545,5318.111232,0.24511919476417632,10393.0,0.04063776233291348,2048.507904,147.0,5757.845504,0.0,0.0,0.0,8.0,6705.0,0.009686676481876813,24177.082368,2.654208,855.0,0.24199999999927968,4605.591552,0.0,237392.0,23.4,6.375,19175.75168,37.0,,,,,,,,,,,,,,
17,17,,,1681386066,8.5,0.0,0.12399999999999523,5318.20544,0.028601667089445938,10645.0,0.017397219377161984,2048.507904,150.0,5757.845504,0.0,0.0,0.0,8.0,6872.0,0.054322418482413266,24176.992256,2.654208,855.0,0.24399999999968713,4605.591552,0.0,237583.0,23.4,6.375,19175.75168,37.0,,,,,,,,,,,,,,
18,18,,,1681386067,8.5,0.0,0.1279999999999859,5318.172672,0.004086383957086783,10833.0,0.042667594997322526,2048.507904,151.0,5757.845504,0.0,0.0,0.0,8.0,7001.0,0.00844412936080384,24177.025024,2.654208,855.0,0.24499999999989086,4605.591552,0.0,237723.0,23.4,6.375,19175.75168,37.0,,,,,,,,,,,,,,
19,19,,,1681386068,8.5,0.0,0.13199999999997658,5318.16448,0.004085658015073617,11061.0,0.0,2048.507904,152.0,5757.857792,0.0,0.0,0.0,7.375,7121.0,0.0,24177.033216,2.654208,855.0,0.2459999999991851,4605.62432,0.0,237873.0,23.4,6.25,19175.75168,37.0,,,,,,,,,,,,,,
20,20,,,1681386069,8.5,0.0,0.13599999999999568,5318.16448,0.004086198316844843,11243.0,0.04202718815231685,2048.507904,153.0,5757.857792,0.0,0.0,0.0,7.375,7259.0,0.009273754776286074,24177.033216,2.654208,855.0,0.24699999999938882,4605.62432,0.0,238012.0,23.4,6.25,19175.75168,37.0,,,,,,,,,,,,,,
21,21,,,1681386070,8.5,0.0,0.13999999999998636,5318.127616,0.004085951470609196,11404.0,0.0,2048.507904,154.0,5757.857792,0.0,0.0,0.0,7.375,7341.0,0.0,24177.082368,2.654208,855.0,0.24799999999959255,4605.62432,0.0,238117.0,23.4,6.25,19175.75168,37.0,,,,,,,,,,,,,,
22,22,,,1681386071,8.5,0.0,0.14799999999999613,5318.139904,0.09398365661053934,11729.0,0.040391583398269704,2048.507904,160.0,5757.857792,0.0,0.0,0.0,7.375,7529.0,0.00879500592506828,24177.057792,2.654208,855.0,0.25199999999949796,4605.62432,0.0,238346.0,23.4,6.25,19175.75168,37.0,,,,,,,,,,,,,,
23,23,,,1681386072,8.5,0.0,0.1519999999999868,5318.139904,0.0040863236950545515,11892.0,0.0,2048.507904,161.0,5757.857792,0.0,0.0,0.0,7.375,7613.0,0.0,24177.057792,2.654208,855.0,0.2529999999997017,4605.62432,0.0,238452.0,23.4,6.25,19175.75168,37.0,,,,,,,,,,,,,,
24,24,,,1681386073,8.5,0.0,0.1559999999999775,5318.20544,0.004085517132525712,12269.0,0.07859034809632187,2048.507904,162.0,5757.857792,0.0,0.0,0.0,6.75,7826.0,0.03320280619973102,24176.992256,2.654208,855.0,0.2539999999999054,4605.62432,0.0,238758.0,23.4,6.25,19175.75168,37.0,,,,,,,,,,,,,,
25,25,,,1681386074,8.5,0.0,0.16399999999998727,5318.238208,0.0040863985368777365,12709.0,0.06120818434481523,2048.507904,163.0,5757.857792,0.0,0.0,0.0,6.75,8025.0,0.01784606860990212,24176.959488,2.654208,855.0,0.25499999999919964,4605.62432,0.0,239081.0,23.4,6.25,19175.75168,37.0,,,,,,,,,,,,,,
26,26,,,1681386075,8.5,0.0,0.16799999999997794,5318.26688,0.004086402424839561,12976.0,0.06906179719824793,2048.507904,164.0,5757.857792,0.0,0.0,0.0,6.75,8199.0,0.012706157542174051,24176.943104,2.654208,855.0,0.25599999999940337,4605.62432,0.0,239291.0,23.4,6.25,19175.75168,37.0,,,,,,,,,,,,,,
27,27,,,1681386076,8.5,0.0,0.1839999999999975,5318.262784,0.028601129706680883,13206.0,0.021179519600202836,2048.507904,167.0,5757.857792,0.0,0.0,0.0,6.75,8315.0,0.0033995762330273145,24176.943104,2.654208,855.0,0.2579999999998108,4605.62432,0.0,239457.0,23.4,6.25,19175.75168,37.0,,,,,,,,,,,,,,
28,28,,,1681386077,8.5,0.0,0.19199999999997885,5318.262784,0.0040855151893860854,13489.0,0.04761380690546911,2048.507904,168.0,5757.857792,0.0,0.0,0.0,6.75,8484.0,0.014339200805581502,24176.943104,2.654208,855.0,0.25899999999910506,4605.62432,0.0,239672.0,23.4,6.25,19175.75168,37.0,,,,,,,,,,,,,,
29,29,,,1681386078,8.375,0.0,0.19999999999998863,5318.22592,0.012257073153025063,13748.0,0.00560984534116382,2048.507904,171.0,5757.857792,0.0,0.0,0.0,6.25,8621.0,0.005609845312133239,24176.98816,2.654208,855.0,0.26199999999971624,4605.62432,0.0,239856.0,23.4,6.125,19175.75168,37.0,,,,,,,,,,,,,,
30,30,,,1681386079,8.375,0.0,0.2039999999999793,5318.262784,0.004085512274680111,14070.0,0.04739832598541254,2048.507904,172.0,5757.857792,0.0,0.0,0.0,6.25,8789.0,0.014418985706205228,24176.9472,2.654208,855.0,0.26299999999991996,4605.62432,0.0,240079.0,23.4,6.125,19175.75168,37.0,,,,,,,,,,,,,,
31,31,,,1681386080,8.375,0.0,0.21199999999998909,5318.193152,0.012256633006395023,14380.0,0.05301632143163376,2048.507904,174.0,5757.857792,0.0,0.0,0.0,6.25,8983.0,0.04991226527987827,24177.012736,2.654208,855.0,0.2639999999992142,4605.62432,0.0,240325.0,23.4,6.125,19175.75168,37.0,,,,,,,,,,,,,,
32,32,,,1681386081,8.375,0.0,0.21599999999997976,5318.4512,0.008172357758103203,14764.0,0.07433333998058166,2048.507904,176.0,5757.857792,0.0,0.0,0.0,6.25,9225.0,0.09125267440738212,24176.754688,2.654208,855.0,0.26599999999962165,4605.62432,0.0,240637.0,23.4,6.125,19175.75168,37.0,,,,,,,,,,,,,,
33,33,,,1681386082,8.375,0.0,0.21999999999999886,5318.4512,0.03677505885364612,14952.0,0.006137157161724173,2048.507904,179.0,5757.857792,0.0,0.0,0.0,6.25,9339.0,0.006137157161724173,24176.754688,2.654208,855.0,0.2679999999991196,4605.62432,0.0,240777.0,23.4,6.125,19175.75168,37.0,,,,,,,,,,,,,,
34,34,,,1681386083,8.375,0.0,0.22799999999998022,5318.475776,0.008172664885317262,15273.0,0.004908387607997335,2048.507904,181.0,5757.857792,0.0,0.0,0.0,5.75,9518.0,0.002737523489101712,24176.726016,2.654208,855.0,0.26999999999952706,4605.62432,0.0,241017.0,23.4,6.0,19175.755776,37.0,,,,,,,,,,,,,,
35,35,,,1681386084,8.375,0.0,0.23199999999999932,5318.438912,0.0040863382744154905,15493.0,0.05304258627863595,2048.507904,182.0,5757.857792,0.0,0.0,0.0,5.75,9654.0,0.012322863847725893,24176.758784,2.654208,855.0,0.2709999999997308,4605.62432,0.0,241198.0,23.4,6.0,19175.755776,37.0,,,,,,,,,,,,,,
36,36,,,1681386085,8.375,0.0,0.23999999999998067,5318.434816,0.09398613797999772,15690.0,0.0050839987811496165,2048.507904,188.0,5757.857792,0.0,0.0,0.0,5.75,9784.0,0.004030485735412521,24176.758784,2.654208,855.0,0.2789999999995416,4605.62432,0.0,241345.0,23.4,6.0,19175.755776,37.0,,,,,,,,,,,,,,
37,37,,,1681386086,8.375,0.0,0.24399999999999977,5318.397952,0.004085213053663265,16051.0,0.04794540085665993,2048.507904,189.0,5757.857792,0.0,0.0,0.0,5.75,9945.0,0.01196839760440587,24176.795648,2.654208,855.0,0.27999999999974534,4605.62432,0.0,241604.0,23.4,6.0,19175.755776,37.0,,,,,,,,,,,,,,
38,38,,,1681386087,8.375,0.0,0.25199999999998113,5318.393856,0.0367715692538524,16320.0,0.00613657483289337,2048.507904,192.0,5757.857792,0.0,0.0,0.0,5.75,10111.0,0.004556546425210299,24176.795648,2.654208,855.0,0.2819999999992433,4605.62432,0.0,241803.0,23.4,6.0,19175.755776,37.0,,,,,,,,,,,,,,
39,39,,,1681386088,8.25,0.0,0.2639999999999816,5318.361088,0.0204314435214344,16587.0,0.05013684694340921,2048.507904,197.0,5757.857792,0.0,0.0,0.0,5.25,10259.0,0.014230181169556525,24176.828416,2.654208,855.0,0.28699999999935244,4605.62432,0.0,242000.0,23.4,5.875,19175.755776,37.0,,,,,,,,,,,,,,
40,40,,,1681386089,8.25,0.0,0.2680000000000007,5318.361088,0.00408570173921927,16922.0,0.006663204975270079,2048.507904,198.0,5757.857792,0.0,0.0,0.0,5.25,10428.0,0.007955946572224277,24176.828416,2.654208,855.0,0.28699999999935244,4605.62432,0.0,242242.0,23.4,5.875,19175.755776,37.0,,,,,,,,,,,,,,
41,41,,,1681386090,8.25,0.0,0.28000000000000114,5318.422528,0.11441273646813498,17176.0,0.048810567543708355,2048.507904,219.0,5757.857792,0.0,0.0,0.0,5.25,10562.0,0.025035766899596284,24176.78336,2.654208,855.0,0.3169999999990978,4605.62432,0.0,242431.0,23.4,5.875,19175.755776,37.0,,,,,,,,,,,,,,
42,42,,,1681386091,8.25,0.0,0.2879999999999825,5318.418432,0.057208545330863184,17504.0,0.0041102679728186285,2048.507904,231.0,5757.857792,0.0,0.0,0.0,5.25,10748.0,0.017215238898898224,24176.78336,2.654208,855.0,0.3319999999994252,4605.62432,0.0,242676.0,23.4,5.875,19175.755776,37.0,,,,,,,,,,,,,,
43,43,,,1681386092,8.25,0.0,0.29599999999999227,5318.373376,0.032684269190668684,17797.0,0.04691182094127909,2048.507904,234.0,5757.857792,0.0,0.0,0.0,5.25,10921.0,0.013014658940824025,24176.820224,2.654208,855.0,0.33399999999983265,4605.62432,0.0,242902.0,23.4,5.875,19175.755776,37.0,,,,,,,,,,,,,,
44,44,,,1681386093,8.25,0.0,0.30400000000000205,5318.361088,0.053111305915199664,18019.0,0.005082917956931201,2048.507904,239.0,5757.857792,0.0,0.0,0.0,4.875,11060.0,0.0050829179279020835,24176.832512,2.654208,855.0,0.3389999999999418,4605.62432,0.0,243061.0,23.4,5.75,19175.755776,37.0,,,,,,,,,,,,,,
45,45,,,1681386094,8.25,0.0,0.3079999999999927,5318.295552,0.004085663844905632,18220.0,0.04747988255680034,2048.507904,240.0,5757.857792,0.0,0.0,0.0,4.875,11176.0,0.012496385890919465,24176.90624,2.654208,855.0,0.339999999999236,4605.62432,0.0,243215.0,23.4,5.75,19175.755776,37.0,,,,,,,,,,,,,,
46,46,,,1681386095,8.25,0.0,0.3119999999999834,5318.295552,0.0040858309738315435,18607.0,0.006136726614769841,2048.507904,241.0,5757.857792,0.0,0.0,0.0,4.875,11331.0,0.004556659184769884,24176.90624,2.654208,855.0,0.34099999999943975,4605.62432,0.0,243466.0,23.4,5.75,19175.755776,37.0,,,,,,,,,,,,,,
47,47,,,1681386096,8.25,0.0,0.3160000000000025,5318.361088,0.0040858562386960565,19010.0,0.06344249431650216,2048.507904,242.0,5757.857792,0.0,0.0,0.0,4.875,11524.0,0.06730490526370815,24176.840704,2.654208,855.0,0.3419999999996435,4605.62432,0.0,243759.0,23.4,5.75,19175.755776,37.0,,,,,,,,,,,,,,
48,48,,,1681386097,8.25,0.0,0.32399999999998386,5318.356992,0.004086421861130191,19198.0,0.0056108487827032935,2048.507904,243.0,5757.857792,0.0,0.0,0.0,4.875,11648.0,0.006137614134283866,24176.8448,2.654208,855.0,0.3419999999996435,4605.62432,0.0,243904.0,23.4,5.75,19175.755776,37.0,,,,,,,,,,,,,,
49,49,,,1681386098,8.25,0.0,0.3400000000000034,5318.279168,0.028630504477699006,19487.0,0.04854564052923864,2048.507904,246.0,5757.857792,0.0,0.0,0.0,4.375,11794.0,0.012437973034430729,24176.910336,2.654208,855.0,0.34499999999934516,4605.62432,0.0,244109.0,23.4,5.625,19175.755776,37.0,,,,,,,,,,,,,,
50,50,,,1681386099,8.25,0.0,0.34799999999998477,5318.279168,0.004086044763318304,19722.0,0.0009257445105934877,2048.507904,247.0,5757.857792,0.0,0.0,0.0,4.375,11924.0,0.0037987447489212806,24176.918528,2.654208,855.0,0.3459999999995489,4605.62432,0.0,244280.0,23.4,5.625,19175.755776,37.0,,,,,,,,,,,,,,
51,51,,,1681386100,8.25,0.0,0.35599999999999454,5318.242304,0.004085922317511252,19971.0,0.04857618974537916,2048.507904,248.0,5757.857792,0.0,0.0,0.0,4.375,12042.0,0.014572058885834615,24176.963584,2.654208,855.0,0.3469999999997526,4605.62432,0.0,244454.0,23.4,5.625,19175.755776,37.0,,,,,,,,,,,,,,
52,52,,,1681386101,8.25,0.0,0.3599999999999852,5318.242304,0.004085807652695468,20323.0,0.006136691558485137,2048.507904,249.0,5757.857792,0.0,0.0,0.0,4.375,12221.0,0.006136691558485137,24176.963584,2.654208,855.0,0.34799999999995634,4605.62432,0.0,244705.0,23.4,5.625,19175.755776,37.0,,,,,,,,,,,,,,
53,53,,,1681386102,8.25,0.0,0.3639999999999759,5318.242304,0.004085797935634011,20564.0,0.047146277728525345,2048.507904,250.0,5757.857792,0.0,0.0,0.0,4.375,12364.0,0.014571615289530366,24176.963584,2.654208,855.0,0.3489999999992506,4605.62432,0.0,244895.0,23.4,5.625,19175.755776,37.0,,,,,,,,,,,,,,
54,54,,,1681386103,8.125,0.0,0.367999999999995,5351.469056,0.004083031422265805,20992.0,0.012480359746143446,2048.585728,251.0,5758.038016,0.0,0.0,0.0,4.125,12710.0,0.01088542560690696,24143.683584,2.654208,863.0,0.3499999999994543,4622.671872,0.0,245575.0,23.5,5.625,19326.816256,37.0,,,,,,,,,,,,,,
55,55,,,1681386104,8.125,0.0,0.3719999999999857,5653.377024,0.028584779805564682,24534.0,0.5413083162244907,2080.677888,254.0,5790.314496,0.0,0.0,0.0,4.125,15664.0,184.7794260526094,23768.100864,2.654208,866.0,0.35199999999986176,4622.946304,0.0,250670.0,24.7,5.625,19506.937856,41.0,0.006538295000609651,,,,,,,,,,,,,
56,56,,,1681386105,8.125,0.0,0.37599999999997635,6192.541696,0.004086174019632186,25008.0,0.030398900088471514,2197.848064,255.0,5907.484672,0.0,0.0,0.0,4.125,16479.0,58.72383539267791,23204.27008,2.654208,870.0,0.352999999999156,4622.946304,0.0,251882.0,26.5,5.625,19506.937856,43.0,,,,,,,,,,,,,,
57,57,,,1681386106,8.125,0.0,0.37999999999999545,6662.959104,0.004088784219172252,25349.0,0.05178061887521848,2356.830208,256.0,6072.487936,0.0,0.0,0.0,4.125,16698.0,0.016642629512701953,22733.713408,2.654208,875.0,0.3539999999993597,4653.309952,0.0,252477.0,28.0,5.625,27909.95968,45.0,,0.00036757500038220314,2.1842236239999693,,,,,,,,,,,
58,58,,,1681386107,,,,,,,,,,,,,,,,,,,,,,,,,,,,,,,0.0,0.10267959299926588,32.0,7.1793212890625,0.4392602550005904,3.670135509000829,0.0,0.0001,0.9370661670000118,0.0,0.0
59,58,,,1681386107,8.125,0.0,0.3879999999999768,6737.559552,0.008170876873698526,26231.0,0.03818129476884406,2390.675456,258.0,6178.697216,0.0,0.0,0.0,4.125,17186.0,5.4094636026709315,22678.388736,2.654208,897.0,0.35599999999976717,4723.58912,0.0,253477.0,28.1,5.625,28145.102848,48.0,0.006719146999785153,0.003179690999786544,0.026711763000093924,,,,,,,,,,,
60,59,,,1681386108,,,,,,,,,,,,,,,,,,,,,,,,,,,,,,,0.0,0.10251467499983846,64.0,7.2237548828125,0.32731384400085517,0.47051456500048516,0.0,0.0001,0.00407544500012591,0.0,1.0
61,59,,,1681386108,8.25,0.0,0.3959999999999866,6743.728128,0.00817117222673129,27101.0,0.1079727846071588,2388.688896,260.0,6176.718848,0.0,0.0,0.0,5.75,18086.0,46.563353131239786,22653.087744,2.654208,907.0,0.35799999999926513,4723.58912,0.0,254834.0,28.2,5.875,28145.102848,49.0,0.006649958999332739,0.0005620739993901225,0.025963332000173978,,,,,,,,,,,
62,59,,,1681386108,,,,,,,,,,,,,,,,,,,,,,,,,,,,,,,0.0,0.10287539999990258,96.0,7.1910400390625,0.3338599429998794,0.4743355579985291,0.0,0.0001,0.004424849999850267,0.0,2.0
63,60,,,1681386109,8.25,0.0,0.40799999999998704,6745.755648,0.036769654189102746,27957.0,0.06630187861800393,2388.758528,264.0,6176.78848,0.0,0.0,0.0,5.75,18938.0,26.642766371536755,22650.7776,2.654208,924.0,0.3609999999998763,4723.58912,0.0,256133.0,28.2,5.875,28145.102848,52.0,0.006783445000110078,0.0006089100006647641,0.023678735000430606,,,,,0.33605674499995075,,,,,,
64,60,,,1681386109,,,,,,,,,,,,,,,,,,,,,,,,,,,,,,,0.0,0.10245797199968365,128.0,7.15283203125,,0.4735611190008058,0.0,0.0001,0.003975311999965925,0.0,3.0
65,61,,,1681386110,8.25,0.0,0.4199999999999875,6744.612864,0.00817187573155677,29628.0,0.18324473683047032,2388.754432,266.0,6176.796672,0.0,0.0,0.0,5.75,19938.0,29.64284876465623,22652.198912,2.654208,944.0,0.36199999999917054,4723.593216,0.0,257968.0,28.2,5.875,28145.102848,54.0,0.0066487680005593575,0.0007127630005925312,0.02422930900047504,,0.10276204000001599,,,0.33441955799935386,,,,,,
66,61,,,1681386110,,,,,,,,,,,,,,,,,,,,,,,,,,,,,,,1.0,,160.0,7.0352783203125,,0.47273271400081285,0.0,0.0001,0.003960275999816076,0.0,4.0
67,62,,,1681386111,8.25,0.0,0.42799999999999727,6746.484736,0.008171434567986555,30708.0,0.07782812632148053,2388.758528,268.0,6176.800768,0.0,0.0,0.0,5.75,20915.0,30.223359465181176,22650.18368,2.654208,960.0,0.363999999999578,4723.85536,0.0,259476.0,28.2,5.875,28145.364992,55.0,0.006715747000271222,0.0007459759999619564,0.024096063999422768,,0.10302154599958158,,,0.3341277800000171,,,,,,
68,62,,,1681386111,,,,,,,,,,,,,,,,,,,,,,,,,,,,,,,1.0,,192.0,7.1495361328125,,0.4726141259998258,0.0,0.0001,0.003907013000571169,0.0,5.0
69,63,,,1681386112,,,,,,,,,,,,,,,,,,,,,,,,,,,,0.0066742830003931886,0.0007238859998324187,0.024543284999708703,1.0,0.10264149700014968,224.0,7.28173828125,0.3354602599993086,0.4740492369992353,0.0,0.0001,0.004006025999842677,0.0,6.0
70,63,,,1681386112,8.25,0.0,0.4399999999999977,6743.658496,0.0735437856466064,31882.0,0.06602661484379273,2388.754432,274.0,6176.796672,0.0,0.0,0.0,5.75,21817.0,31.989216591629678,22672.007168,2.654208,981.0,0.36899999999968713,4723.859456,0.0,261005.0,28.2,5.875,28145.364992,55.0,0.006883871999889379,0.0006828989999121404,0.02503622299991548,,,,,,,,,,,
71,64,,,1681386113,,,,,,,,,,,,,,,,,,,,,,,,,,,,,,,1.0,0.10279572800027381,256.0,7.125,0.3325536889997238,0.4720545869995476,0.0,0.0001,0.00410217599983298,0.0,7.0
72,64,,,1681386113,8.375,0.0,0.4519999999999982,6746.361856,0.008171572546813633,32744.0,0.06753517431696446,2388.750336,276.0,6176.796672,0.0,0.0,0.0,7.249999999999999,22897.0,49.22596799964929,22650.302464,2.654208,993.0,0.3709999999991851,4723.859456,0.0,262523.0,28.2,6.25,28145.364992,56.0,0.006735629000104382,0.0007144149994928739,0.024096772999655514,,,,,,,,,,,
73,64,,,1681386113,,,,,,,,,,,,,,,,,,,,,,,,,,,,,,,1.0,0.10276253200026986,288.0,7.3597412109375,0.3346917480002958,0.4732495009993727,0.0,0.0001,0.004248403999554284,0.0,8.0
74,65,,,1681386114,8.375,0.0,0.46399999999999864,6745.6,0.00816628216545088,33779.0,0.062164227980586455,2388.754432,278.0,6176.804864,0.0,0.0,0.0,7.249999999999999,23521.0,15.35100751701016,22651.060224,2.654208,1011.0,0.3719999999993888,4723.863552,0.0,263742.0,28.2,6.25,28145.364992,57.0,0.006741750000401225,0.0006904140000187908,0.025125901000137674,,0.10270959799981938,,,0.3387709819999145,,,,,,
75,65,,,1681386114,,,,,,,,,,,,,,,,,,,,,,,,,,,,,,,1.0,,320.0,6.980712890625,,0.47825438499967277,0.0,0.0001,0.004215739999381185,0.0,9.0
76,66,,,1681386115,8.375,0.0,0.47199999999998,6747.070464,0.008172171160436385,35099.0,0.13060310649165885,2388.750336,280.0,6176.800768,0.0,0.0,0.0,7.249999999999999,24739.0,48.91101899420114,22649.58976,2.654208,1029.0,0.3739999999997963,4723.867648,0.0,265639.0,28.2,6.25,28145.364992,60.0,0.0066329740002402104,0.00092902599953959,0.02968914000030054,,0.10281800899974769,,,0.32967963099963526,,,,,,
77,66,,,1681386115,,,,,,,,,,,,,,,,,,,,,,,,,,,,,,,1.0,,352.0,7.1771240234375,,0.4749791799995364,0.0,0.0001,0.005230400000073132,0.0,10.0
78,67,,,1681386116,8.375,0.0,0.48799999999999955,6747.840512,0.05311771020653138,36204.0,0.10400090134502608,2388.754432,285.0,6176.80896,0.0,0.0,0.0,7.249999999999999,25578.0,26.763018321334467,22648.832,2.654208,1044.0,0.3789999999999054,4723.867648,0.0,267075.0,28.2,6.25,28145.364992,62.0,0.006698786000015389,0.0008844679996400373,0.02474940100000822,,0.10285002399996301,,,0.3350645959999383,,,,,,
79,67,,,1681386116,,,,,,,,,,,,,,,,,,,,,,,,,,,,,,,1.0,,384.0,7.3497314453125,,0.47495645599974523,0.0,0.0001,0.004709181000180251,0.0,11.0
80,68,,,1681386117,,,,,,,,,,,,,,,,,,,,,,,,,,,,0.006698025000332564,0.0007688300001973403,0.024287985999762896,1.0,0.10311997000007977,416.0,7.1239013671875,0.33603828600007546,0.47568283500004327,0.0,0.0001,0.004769737999595236,0.0,12.0
81,68,,,1681386117,8.375,0.0,0.5039999999999907,6746.112,0.040872472592513594,37601.0,0.10741796704095766,2388.754432,290.0,6176.80896,0.0,0.0,0.0,7.249999999999999,26793.0,40.12852174672183,22669.828096,2.654208,1066.0,0.3829999999998108,4723.871744,0.0,268976.0,28.2,6.25,28145.364992,63.0,0.006760184000086156,0.0008159099998010788,0.02535946599982708,,,,,,,,,,,
82,69,,,1681386118,,,,,,,,,,,,,,,,,,,,,,,,,,,,,,,1.0,0.10238193900022452,448.0,7.1131591796875,0.3369023619998188,0.4769577639999625,0.0,0.0001,0.004737903000204824,0.0,13.0
83,69,,,1681386118,8.5,0.0,0.5120000000000005,6747.131904,0.008172175047800866,38753.0,0.34457209942203526,2388.750336,292.0,6176.804864,0.0,0.0,0.0,8.75,27921.0,41.471968775947964,22649.532416,2.654208,1076.0,0.3849999999993088,4723.87584,0.0,270673.0,28.2,6.5,28145.364992,63.0,0.0067381930002738954,0.000654145999760658,0.025276338999901782,,,,,,,,,,,
84,69,,,1681386118,,,,,,,,,,,,,,,,,,,,,,,,,,,,,,,1.0,0.10336354199989728,480.0,7.4512939453125,0.33626054800060956,0.47642222800004674,0.0,0.0001,0.004129459999603569,0.0,14.0
85,70,,,1681386119,8.5,0.0,0.5240000000000009,6747.303936,0.008170047265258903,39954.0,0.13764614792489346,2388.754432,294.0,6176.80896,0.0,0.0,0.0,8.75,28846.0,29.554052928058617,22649.229312,2.654208,1089.0,0.3859999999995125,4723.879936,0.0,272205.0,28.2,6.5,28145.364992,66.0,0.00673082799949043,0.000647951000246394,0.0246751820004647,,,,,0.33740548999958264,,,,,,
86,70,,,1681386119,,,,,,,,,,,,,,,,,,,,,,,,,,,,,,,1.0,0.10340457899928879,512.0,7.239013671875,,0.4768777459994453,0.0,0.0001,0.004013716000372369,0.0,15.0
87,71,,,1681386120,8.5,0.0,0.5319999999999823,6747.488256,0.00817203316139335,41364.0,0.21618379518741868,2388.750336,296.0,6177.009664,0.0,0.0,0.0,8.75,29804.0,26.855423777931076,22649.0368,2.654208,1108.0,0.38799999999991996,4723.904512,0.0,273890.0,28.2,6.5,28145.364992,67.0,0.00669114999982412,0.0006358489999911399,0.024752792000072077,,0.10330098499980522,,,0.3358257239997329,,,,,,
88,71,,,1681386120,,,,,,,,,,,,,,,,,,,,,,,,,,,,,,,2.0,,544.0,7.1322021484375,,0.4752713079997193,0.0,0.0001,0.004064808000293851,0.0,16.0
89,72,,,1681386121,8.5,0.0,0.5480000000000018,6748.168192,0.016344081868097753,42552.0,0.16728742388956888,2388.754432,300.0,6177.01376,0.0,0.0,0.0,8.75,30689.0,26.09436417066914,22648.221696,2.654208,1123.0,0.3919999999998254,4723.904512,0.0,275402.0,28.2,6.5,28145.364992,68.0,0.006769628000256489,0.0008139629999277531,0.024803321000035794,,0.10373863099994196,,,0.3403101889998652,,,,,,
90,72,,,1681386121,,,,,,,,,,,,,,,,,,,,,,,,,,,,,,,2.0,,576.0,7.00604248046875,,0.48057560800043575,0.0,0.0001,0.004139876000408549,0.0,17.0
91,73,,,1681386122,,,,,,,,,,,,,,,,,,,,,,,,,,,,0.00670257500041771,0.0005954119997113594,0.02387862799969298,2.0,0.1028772139998182,608.0,7.2960205078125,0.3387021240005197,0.4768397140005618,0.0,0.0001,0.004083761000401864,0.0,18.0
92,73,,,1681386122,8.5,0.0,0.5679999999999836,6755.96288,0.06946745323905365,43880.0,0.11907794145106433,2388.754432,309.0,6177.021952,0.0,0.0,0.0,8.75,31685.0,35.19239218240274,22659.837952,2.654208,1159.0,0.40099999999983993,4723.908608,0.0,277108.0,28.2,6.5,28145.364992,69.0,0.006733031999829109,0.0006458359994212515,0.02726002400049765,,,,,,,,,,,
93,74,,,1681386123,,,,,,,,,,,,,,,,,,,,,,,,,,,,,,,2.0,0.10325260700028593,640.0,7.40576171875,0.3364349690000381,0.47879561400077364,0.0,0.0001,0.004469146000701585,0.0,19.0
94,74,,,1681386123,8.5,0.0,0.5759999999999934,6756.851712,0.008171873784387404,44914.0,0.1566781231023077,2388.750336,311.0,6177.017856,0.0,0.0,0.0,10.0,32753.0,46.8900601625339,22639.816704,2.654208,1168.0,0.4029999999993379,4723.912704,0.0,278677.0,28.3,6.875000000000001,28145.364992,70.0,0.0067246199996588985,0.000690206999934162,0.024546927999836043,,,,,,,,,,,
95,74,,,1681386123,,,,,,,,,,,,,,,,,,,,,,,,,,,,,,,2.0,0.10381236800003535,672.0,7.202880859375,0.3407937840001978,0.48058636099904106,0.0,0.0001,0.004018453999378835,0.0,20.0
96,75,,,1681386124,8.5,0.0,0.5879999999999939,6758.2976,0.008170670913926637,46033.0,0.18703974301419854,2388.754432,313.0,6177.021952,0.0,0.0,0.0,10.0,33657.0,33.41375921854603,22638.374912,2.654208,1187.0,0.4039999999995416,4723.9168,0.0,280174.0,28.3,6.875000000000001,28145.364992,72.0,0.006781131000025198,0.0006928279999556253,0.023940549999679206,,,,,0.339101305999975,,,,,,
97,75,,,1681386124,,,,,,,,,,,,,,,,,,,,,,,,,,,,,,,2.0,0.10374648300057743,704.0,7.0963134765625,,0.4784593250005855,0.0,0.0001,0.004197027000373055,0.0,21.0
98,76,,,1681386125,8.5,0.0,0.5999999999999943,6758.404096,0.008171372385498305,47293.0,0.21808946022559297,2388.74624,315.0,6177.017856,0.0,0.0,0.0,10.0,34645.0,30.463019886294976,22638.40768,2.654208,1219.0,0.40599999999994907,4723.9168,0.0,281796.0,28.3,6.875000000000001,28145.364992,73.0,0.0069531769995592185,0.0006313000003501656,0.026362780000454222,,0.10344900000018242,,,0.3343774830000257,,,,,,
99,76,,,1681386125,,,,,,,,,,,,,,,,,,,,,,,,,,,,,,,2.0,,736.0,7.0667724609375,,0.4758934710007452,0.0,0.0001,0.004119731000173488,0.0,22.0
100,77,,,1681386126,8.5,0.0,0.6079999999999757,6758.592512,0.07763287482985413,48619.0,0.25000052115981186,2388.750336,321.0,6177.026048,0.0,0.0,0.0,10.0,35657.0,27.641955985314105,22638.075904,2.654208,1231.0,0.4109999999991487,4723.920896,0.0,283454.0,28.3,6.875000000000001,28145.364992,74.0,0.0066436419992896845,0.000717537000127777,0.02493844399941736,,0.10349692799991317,,,0.33957854399977805,,,,,,
101,77,,,1681386126,,,,,,,,,,,,,,,,,,,,,,,,,,,,,,,2.0,,768.0,7.1168212890625,,0.4792450769991774,0.0,0.0001,0.003869982000651362,0.0,23.0
102,78,,,1681386127,,,,,,,,,,,,,,,,,,,,,,,,,,,,0.00681184499990195,0.000640086000203155,0.02597407800021756,2.0,0.10337057299966546,800.0,7.2431640625,0.3362976560001698,0.4775127290004093,0.0,0.0001,0.004418491000251379,0.0,24.0
103,78,,,1681386127,8.5,0.0,0.6199999999999761,6755.639296,0.01227130591211576,50159.0,0.2237915502928583,2388.750336,324.0,6177.03424,0.0,0.0,0.0,10.0,36736.0,33.39822850176482,22660.304896,2.654208,1253.0,0.4139999999997599,4723.924992,0.0,285365.0,28.2,6.875000000000001,28145.364992,77.0,0.006896785000208183,0.0006332110006042058,0.02355808100037393,,,,,,,,,,,
104,79,,,1681386128,,,,,,,,,,,,,,,,,,,,,,,,,,,,,,,2.0,0.1032893490000788,832.0,7.089111328125,0.34235037799953716,0.48072071200112987,0.0,0.0001,0.0039929080003275885,0.0,25.0
105,79,,,1681386128,8.625,0.0,0.6279999999999859,6788.071424,0.008172834009524595,51497.0,0.45000071003996583,2388.74624,326.0,6177.030144,0.0,0.0,0.0,11.25,37824.0,42.82787698194239,22608.601088,2.654208,1263.0,0.4149999999999636,4723.924992,0.0,287165.0,28.4,7.124999999999999,28145.364992,78.0,0.006992370000261872,0.000770852000641753,0.02619991499977914,,,,,,,,,,,
106,79,,,1681386128,,,,,,,,,,,,,,,,,,,,,,,,,,,,,,,2.0,0.10373514000002615,864.0,7.0948486328125,0.33887214999958815,0.4808700739995402,0.0,0.0001,0.004299646999243123,0.0,26.0
107,80,,,1681386129,8.625,0.0,0.6399999999999864,6792.974336,0.008172276120575464,52592.0,0.24517626431481293,2388.750336,328.0,6177.714176,0.0,0.0,0.0,11.25,38918.0,46.221100851935724,22603.55072,2.654208,1275.0,0.4169999999994616,4723.929088,0.0,288867.0,28.4,7.124999999999999,28145.364992,80.0,0.006726692999109218,0.0006958279991522431,0.02922348599986435,,,,,0.33570771100039565,,,,,,
108,80,,,1681386129,,,,,,,,,,,,,,,,,,,,,,,,,,,,,,,2.0,0.10378663199935545,896.0,7.3531494140625,,0.48093267799777095,0.0,0.0001,0.004792327999894042,0.0,27.0
109,81,,,1681386130,8.625,0.0,0.6519999999999868,6792.368128,0.008171685265369877,54124.0,0.2343134988711228,2388.74624,330.0,6177.714176,0.0,0.0,0.0,11.25,39915.0,33.779225166282096,22604.304384,2.654208,1296.0,0.41899999999986903,4723.929088,0.0,290627.0,28.4,7.124999999999999,28145.364992,82.0,0.006717554000715609,0.0008738520000406425,0.024279598999783047,,0.10484290000022156,,,0.3393901930003267,,,,,,
110,81,,,1681386130,,,,,,,,,,,,,,,,,,,,,,,,,,,,,,,2.0,,928.0,7.4713134765625,,0.4800698660010312,0.0,0.0001,0.003965767999943637,0.0,28.0
111,82,,,1681386131,8.625,0.0,0.667999999999978,6792.54016,0.03677175290067972,55428.0,0.24614251694506614,2388.750336,334.0,6177.878016,0.0,0.0,0.0,11.25,40902.0,31.39176136272215,22603.984896,2.654208,1307.0,0.4219999999995707,4724.228096,0.0,292270.0,28.4,7.124999999999999,28145.627136,83.0,0.006726315000378236,0.0006578189995707362,0.02638338900032977,,0.10348638100003882,,,0.3382650420007849,,,,,,
112,82,,,1681386131,,,,,,,,,,,,,,,,,,,,,,,,,,,,,,,3.0,,960.0,7.149169921875,,0.48010606600109895,0.0,0.0001,0.004587119999996503,0.0,29.0
113,83,,,1681386132,,,,,,,,,,,,,,,,,,,,,,,,,,,,0.006650452000030782,0.0006977100001677172,0.030143013000270003,3.0,0.10424825199970655,992.0,7.177978515625,0.33579904699945473,0.4827299279995714,0.0,0.0001,0.0051914539999415865,0.0,30.0
114,83,,,1681386132,8.75,0.0,0.6799999999999784,6792.413184,0.012259440553259709,56871.0,0.22467659612739016,2388.758528,337.0,6177.906688,0.0,0.0,0.0,12.375,41922.0,35.43580118502723,22623.39584,2.654208,1330.0,0.42399999999997817,4724.228096,0.0,294023.0,28.3,7.5,28145.627136,87.0,0.006360370000038529,0.000809850999758055,0.024956332000328985,,,,,,,,,,,
115,84,,,1681386133,,,,,,,,,,,,,,,,,,,,,,,,,,,,,,,3.0,0.10375921899958485,1024.0,7.3031005859375,0.33953714100061916,0.4794875460002004,0.0,0.0001,0.00406463299987081,0.0,31.0
116,84,,,1681386133,8.75,0.0,0.6879999999999882,6793.09312,0.00817212256869243,58094.0,0.2210144163950143,2388.754432,339.0,6177.902592,0.0,0.0,0.0,12.375,42982.0,46.57826552614447,22603.567104,2.654208,1340.0,0.42599999999947613,4724.236288,0.0,295726.0,28.4,7.5,28145.627136,89.0,0.006677222000689653,0.0006647759992119973,0.029482388000360515,,,,,,,,,,,
117,85,,,1681386134,,,,,,,,,,,,,,,,,,,,,,,,,,,,,,,3.0,0.10376866099977633,1056.0,7.357421875,0.3359521100001075,0.4817899280005804,0.0,0.0001,0.005244771000434412,0.0,32.0
118,85,,,1681386134,8.75,0.0,0.695999999999998,6793.719808,0.00817981892199896,59228.0,0.22263645813494662,2388.758528,341.0,6177.906688,0.0,0.0,0.0,12.375,43889.0,38.907668161746955,22602.948608,2.654208,1361.0,0.4279999999998836,4724.236288,0.0,297263.0,28.4,7.5,28145.627136,89.0,0.0067178210001657135,0.0007517510002799099,0.025078957000005175,,,,,,,,,,,
119,85,,,1681386134,,,,,,,,,,,,,,,,,,,,,,,,,,,,,,,3.0,0.1042922839997118,1088.0,7.0640869140625,0.3383532079997167,0.47946318100002827,0.0,0.0001,0.004269160000148986,0.0,33.0
120,86,,,1681386135,8.75,0.0,0.7039999999999793,6796.713984,0.008172676548830981,60433.0,0.19601653908669073,2388.754432,343.0,6177.902592,0.0,0.0,0.0,12.375,44812.0,31.97860587864962,22599.950336,2.654208,1378.0,0.42999999999938154,4724.240384,0.0,298781.0,28.4,7.5,28145.627136,90.0,0.006874101999528648,0.0005949610003881389,0.02464298900031281,,0.10413133100064442,,,0.34018709100018896,,,,,,
121,86,,,1681386135,,,,,,,,,,,,,,,,,,,,,,,,,,,,,,,3.0,,1120.0,7.3203125,,0.48050801800127374,0.0,0.0001,0.004077544000210764,0.0,34.0
122,87,,,1681386136,8.75,0.0,0.7159999999999798,6794.99776,0.03677769179980974,61642.0,0.24044373766173613,2388.758528,347.0,6177.906688,0.0,0.0,0.0,12.375,45718.0,26.754757164612926,22601.66656,2.654208,1388.0,0.4329999999999927,4724.240384,0.0,300329.0,28.4,7.5,28145.627136,91.0,0.006694473000607104,0.0005873919999430655,0.02402308299951983,,0.10427643999992142,,,0.3512464049999835,,,,,,
123,87,,,1681386136,,,,,,,,,,,,,,,,,,,,,,,,,,,,,,,3.0,,1152.0,7.0633544921875,,0.49088948000007804,0.0,0.0001,0.00406168700010312,0.0,35.0
124,88,,,1681386137,8.75,0.0,0.7239999999999895,6794.993664,0.008173080904555418,62778.0,0.2174725931543619,2388.750336,349.0,6177.902592,0.0,0.0,0.0,12.375,46612.0,29.963009446434537,22601.670656,2.654208,1398.0,0.43399999999928696,4724.24448,0.0,301829.0,28.4,7.5,28145.627136,93.0,0.00667124900064664,0.0006662129999313038,0.024638691000291146,,0.10431503299969336,,,0.3399625129995911,,,,,,
125,88,,,1681386137,,,,,,,,,,,,,,,,,,,,,,,,,,,,,,,3.0,,1184.0,7.0916748046875,,0.4805046940000466,0.0,0.0001,0.00425099499989301,0.0,36.0
126,89,,,1681386138,,,,,,,,,,,,,,,,,,,,,,,,,,,,0.006098296999880404,0.0006410519999917597,0.023916859000564727,3.0,0.1041165179995005,1216.0,7.3497314453125,0.34158274499986874,0.48031204899962177,0.0,0.0001,0.003956577999815636,0.0,37.0
127,89,,,1681386138,8.75,0.0,0.7399999999999807,6839.287808,0.012258148863661736,64373.0,0.48945607297163546,2388.750336,352.0,6177.902592,0.0,0.0,0.0,12.375,47828.0,49.922675931755414,22576.656384,2.654208,1417.0,0.43699999999989814,4724.252672,0.0,303907.0,28.5,7.5,28145.627136,93.0,0.006653373000517604,0.0007013860004008166,0.02486975200008601,,,,,,,,,,,
128,90,,,1681386139,,,,,,,,,,,,,,,,,,,,,,,,,,,,,,,3.0,0.1046864869995261,1248.0,7.1671142578125,0.3398669219996009,0.4808398790000865,0.0,0.0001,0.004061958999955095,0.0,38.0
129,90,,,1681386139,8.75,0.0,0.7560000000000002,6841.503744,0.0817216921566678,65593.0,0.1941049801187236,2388.754432,357.0,6177.906688,0.0,0.0,0.0,12.375,48967.0,49.39954187137567,22555.160576,2.654208,1428.0,0.44099999999980355,4724.252672,0.0,305627.0,28.5,7.5,28145.627136,95.0,0.006637084999965737,0.0006507099997179466,0.02662347299974499,,,,,,,,,,,
130,90,,,1681386139,,,,,,,,,,,,,,,,,,,,,,,,,,,,,,,3.0,0.10453411799971946,1280.0,7.2568359375,0.339713841000048,0.48240789199917344,0.0,0.0001,0.004248664999977336,0.0,39.0
131,91,,,1681386140,8.75,0.0,0.7680000000000007,6843.195392,0.008169276101238628,66958.0,0.29501936541781726,2388.750336,359.0,6179.282944,0.0,0.0,0.0,12.375,49943.0,35.06120072757315,22553.47712,2.654208,1442.0,0.4429999999993015,4724.252672,0.0,307350.0,28.5,7.5,28145.627136,96.0,0.006772249000277952,0.0006769970004825154,0.024567559000388428,,,,,0.34134185399943817,,,,,,
132,91,,,1681386140,,,,,,,,,,,,,,,,,,,,,,,,,,,,,,,3.0,0.1039012270002786,1312.0,7.382568359375,,0.48198418600077275,0.0,0.0001,0.004724299999907089,0.0,40.0
133,92,,,1681386141,8.75,0.0,0.775999999999982,6842.10176,0.008169942365992127,68333.0,0.1909165535553545,2388.754432,361.0,6179.28704,0.0,0.0,0.0,12.375,50941.0,20.857376171443192,22554.566656,2.654208,1470.0,0.44499999999970896,4724.28544,0.0,308946.0,28.5,7.5,28145.627136,97.0,0.007575700999950641,0.0007344599998759804,0.024074398999800906,,0.10462499099958222,,,0.34288434400059487,,,,,,
134,92,,,1681386141,,,,,,,,,,,,,,,,,,,,,,,,,,,,,,,3.0,,1344.0,7.066162109375,,0.48405785799968726,0.0,0.0001,0.004163962999882642,0.0,41.0
135,93,,,1681386142,8.75,0.0,0.7879999999999825,6843.846656,0.00817152979231265,69503.0,0.2537643041796814,2388.750336,363.0,6179.282944,0.0,0.0,0.0,12.375,51825.0,35.01475779041731,22552.961024,2.654208,1483.0,0.4459999999999127,4724.28544,0.0,310466.0,28.5,7.625,28145.627136,98.0,0.00675098000010621,0.0005947770005150232,0.02417791900006705,,0.10411866799950076,,,0.3437622339997688,,,,,,
136,93,,,1681386142,,,,,,,,,,,,,,,,,,,,,,,,,,,,,,,3.0,,1376.0,7.34326171875,,0.48344517500026996,0.0,0.0001,0.004040597000312118,0.0,42.0
137,94,,,1681386143,,,,,,,,,,,,,,,,,,,,,,,,,,,,0.0068626019992734655,0.0006296709998423466,0.02374487599990971,3.0,0.10457004899944877,1408.0,7.4066162109375,0.34269070099981036,0.48275489499883406,0.0,0.0001,0.004256996000549407,0.0,43.0
138,94,,,1681386143,8.75,0.0,0.8079999999999927,6840.737792,0.012258492902484089,70831.0,0.19171452895817662,2388.750336,366.0,6179.282944,0.0,0.0,0.0,12.375,52800.0,30.958536512483573,22575.198208,2.654208,1505.0,0.4489999999996144,4724.289536,0.0,312092.0,28.5,7.625,28145.627136,102.0,0.006603535000067495,0.000648377999823424,0.02352946399969369,,,,,,,,,,,
139,95,,,1681386144,,,,,,,,,,,,,,,,,,,,,,,,,,,,,,,3.0,0.10465312500036816,1440.0,7.2760009765625,0.3420411390006848,0.4815798260005977,0.0,0.0001,0.004104184999960125,0.0,44.0
140,95,,,1681386144,8.75,0.0,0.8160000000000025,6841.864192,0.03677930149411275,72066.0,0.22987861597376616,2388.754432,370.0,6179.291136,0.0,0.0,0.0,12.375,53965.0,50.41711916973397,22554.796032,2.654208,1520.0,0.45199999999931606,4724.555776,0.0,313901.0,28.5,7.625,28145.88928,102.0,0.006516380999528337,0.0007402679993901984,0.023608913000316534,,,,,,,,,,,
141,96,,,1681386145,,,,,,,,,,,,,,,,,,,,,,,,,,,,,,,3.0,0.10431982399950357,1472.0,7.0556640625,0.34400508599992463,0.48340366399861523,0.0,0.0001,0.00421319199995196,0.0,45.0
142,96,,,1681386145,8.75,0.0,0.8239999999999839,6840.696832,0.008174181421296077,73147.0,0.24068334374127204,2388.750336,372.0,6179.28704,0.0,0.0,0.0,12.375,54789.0,22.583978065422965,22555.824128,2.654208,1535.0,0.4539999999997235,4724.555776,0.0,315310.0,28.5,7.625,28145.88928,103.0,0.006721873999595118,0.0007031360000837594,0.024395336999987194,,,,,0.3399933290002082,,,,,,
143,96,,,1681386145,,,,,,,,,,,,,,,,,,,,,,,,,,,,,,,3.0,0.10476229000050807,1504.0,7.2880859375,,0.4806837810001525,0.0,0.0001,0.0041078149997701985,0.0,46.0
144,97,,,1681386146,8.75,0.0,0.8319999999999936,6840.836096,0.008171417081674301,74412.0,0.23718655261893265,2388.754432,374.0,6179.291136,0.0,0.0,0.0,12.375,55674.0,24.950344768957315,22555.824128,2.654208,1562.0,0.45499999999992724,4724.555776,0.0,316868.0,28.5,7.625,28145.88928,104.0,0.006643111000812496,0.0006927340000402182,0.02419632199962507,,0.1038944209994952,,,0.3415001730008953,,,,,,
145,97,,,1681386146,,,,,,,,,,,,,,,,,,,,,,,,,,,,,,,3.0,,1536.0,7.2786865234375,,0.48079615800088504,0.0,0.0001,0.003869397000016761,0.0,47.0
146,98,,,1681386147,8.75,0.0,0.8439999999999941,6837.436416,0.0898861650544289,75726.0,0.20873157132468503,2388.750336,379.0,6179.28704,0.0,0.0,0.0,12.375,56311.0,0.18244561359493786,22578.50368,2.654208,1574.0,0.4599999999991269,4724.559872,0.0,318164.0,28.5,7.75,28145.88928,107.0,0.006659976000264578,0.0008633770003143582,0.024233080000158225,,0.10467019299994718,,,0.341907297999569,,,,,,
147,98,,,1681386147,,,,,,,,,,,,,,,,,,,,,,,,,,,,,,,3.0,,1568.0,7.6488037109375,,0.4828308649994142,0.0,0.0001,0.00449694099916087,0.0,48.0
148,99,,,1681386148,8.75,0.0,0.8559999999999945,6838.730752,0.3350546345866816,77199.0,0.4950563106607234,2388.754432,439.0,6179.418112,0.0,0.0,0.0,12.375,57632.0,45.6000946192816,22557.933568,2.654208,1589.0,0.5779999999995198,4724.563968,0.0,320187.0,28.5,7.75,28145.88928,109.0,0.006718474000081187,0.000878320999618154,0.02457230499931029,,0.10421369199957553,,,0.34472744100003183,,,,,,
149,99,,,1681386148,,,,,,,,,,,,,,,,,,,,,,,,,,,,,,,3.0,,1600.0,7.4775390625,,0.4853902119984923,0.0,0.0001,0.004279978999875311,0.0,49.0
150,100,,,1681386149,,,,,,,,,,,,,,,,,,,,,,,,,,,,0.0067559380004240666,0.0008155000004990143,0.026425789999848348,3.0,0.10423052600071969,1632.0,7.1551513671875,0.3408941360003155,0.48358640300193656,0.0,0.0001,0.004464513000129955,0.0,50.0
151,100,,,1681386149,8.75,0.0,0.867999999999995,6833.729536,0.05720966115626657,78632.0,0.31921043499952795,2388.754432,444.0,6179.418112,0.0,0.0,0.0,12.375,58395.0,6.518349711726826,22601.48224,2.654208,1614.0,0.5819999999994252,4724.563968,0.0,321684.0,28.4,7.75,28145.88928,111.0,0.006658534999587573,0.0008472229992548819,0.024530208999749448,,,,,,,,,,,
152,101,,,1681386150,,,,,,,,,,,,,,,,,,,,,,,,,,,,,,,3.0,0.10621017000084976,1664.0,7.271240234375,0.3443253650002589,0.4876694229997156,0.0,0.0001,0.005097921000015049,0.0,51.0
153,101,,,1681386150,8.75,0.0,0.8759999999999764,6836.944896,0.008167792450154986,79662.0,0.25728546213272807,2388.774912,446.0,6179.438592,0.0,0.0,0.0,12.375,59204.0,22.19342354502475,22598.279168,2.654208,1624.0,0.5829999999996289,4724.563968,0.0,323017.0,28.4,7.75,28165.165056,111.0,0.006725272000039695,0.000685859000441269,0.025651013999777206,,,,,,,,,,,
154,102,,,1681386151,,,,,,,,,,,,,,,,,,,,,,,,,,,,,,,3.0,0.10526190800010227,1696.0,7.105712890625,0.3419629130003159,0.48481738600003155,0.0,0.0001,0.0045304199993552174,0.0,52.0
155,102,,,1681386151,8.75,0.0,0.8879999999999768,6836.916224,0.008170764177442653,81125.0,0.2130462924757737,2388.74624,448.0,6179.672064,0.0,0.0,0.0,12.375,60288.0,33.735034613632834,22579.032064,2.654208,1632.0,0.5849999999991269,4724.580352,0.0,324834.0,28.5,7.75,28145.88928,113.0,0.006843842999842309,0.00063645499994891,0.02349660500021855,,,,,0.3468494950002423,,,,,,
156,102,,,1681386151,,,,,,,,,,,,,,,,,,,,,,,,,,,,,,,3.0,0.10499681000055716,1728.0,7.5184326171875,,0.4835820630005401,0.0,0.0001,0.0007588549997308291,0.0,53.0
157,103,,,1681386152,8.75,0.0,0.8959999999999866,6836.400128,0.06537418179066058,81910.0,0.19803780461749068,2388.74624,453.0,6179.672064,0.0,0.0,0.0,11.375,60654.0,0.14190474863333657,22579.552256,2.654208,1648.0,0.5889999999999418,4724.580352,0.0,325533.0,28.4,7.625,28184.440832,114.0,,,,,,,,,,,,,,
158,104,,,1681386153,8.75,0.0,0.8999999999999773,6836.224,0.004085781416735604,82317.0,0.1560576979913805,2388.74624,454.0,6179.672064,0.0,0.0,0.0,11.375,60908.0,0.06072013827447983,22579.720192,2.654208,1648.0,0.589999999999236,4724.580352,0.0,325863.0,28.4,7.625,28184.440832,114.0,,,,,,,,,,,,,,
159,105,,,1681386154,8.75,0.0,0.9039999999999964,6836.092928,0.0040857202008062025,82774.0,0.16276647446315504,2388.74624,455.0,6179.672064,0.0,0.0,0.0,11.375,61161.0,0.07941618639477885,22579.851264,2.654208,1648.0,0.5909999999994398,4724.580352,0.0,326242.0,28.4,7.625,28184.440832,114.0,,,,,,,,,,,,,,
160,106,,,1681386155,8.75,0.0,0.907999999999987,6836.023296,0.004086084608377766,83333.0,0.14053098411744003,2388.74624,456.0,6179.672064,0.0,0.0,0.0,11.375,61450.0,0.08669362710501184,22579.9168,2.654208,1648.0,0.5919999999996435,4724.580352,0.0,326691.0,28.4,7.625,28184.440832,114.0,,,,,,,,,,,,,,
161,107,,,1681386156,8.75,0.0,0.9199999999999875,6835.79392,0.024515528070861884,83936.0,0.1796129525530421,2388.74624,462.0,6179.672064,0.0,0.0,0.0,11.375,61784.0,0.1272062231672635,22580.150272,2.654208,1648.0,0.5979999999999563,4724.580352,0.0,327191.0,28.4,7.625,28184.440832,114.0,,,,,,,,,,,,,,
162,108,,,1681386157,8.875,0.0,0.931999999999988,6838.861824,0.04083176018157582,84989.0,0.24444826429402497,2388.721664,467.0,6179.651584,0.0,0.0,0.0,13.5,63113.0,77.23402403196347,22577.082368,2.654208,1657.0,0.6019999999998618,4724.580352,0.0,328961.0,28.5,8.125,28184.440832,115.0,0.006833237999671837,0.0008183120007743128,0.02961211700039712,,,,,,,,,,,
163,109,,,1681386158,,,,,,,,,,,,,,,,,,,,,,,,,,,,,,,3.0,0.10496022999996057,1760.0,7.15283203125,0.4074475200004599,5.928831140001421,0.0,0.0001,5.379159723000157,0.0,54.0
164,109,,,1681386158,8.875,0.0,0.9479999999999791,6852.984832,0.008165381695955737,86297.0,0.4282599166760016,2388.758528,469.0,6179.688448,0.0,0.0,0.0,13.5,64438.0,67.4447131662427,22543.68768,2.654208,1669.0,0.6039999999993597,4724.580352,0.0,330993.0,28.6,8.125,28165.165056,116.0,0.006686763999823597,0.0006094540003687143,0.02410477500052366,,,,,,,,,,,
165,109,,,1681386158,,,,,,,,,,,,,,,,,,,,,,,,,,,,,,,3.0,0.10492105100001936,1792.0,7.2957763671875,0.3416920619993107,0.48157359400011046,0.0,0.0001,0.003559488000064448,0.0,55.0
166,110,,,1681386159,8.875,0.0,0.9559999999999889,6852.5056,0.00816756916874715,87589.0,0.2465584943724595,2388.754432,471.0,6179.684352,0.0,0.0,0.0,13.5,65388.0,38.541299285085266,22544.166912,2.654208,1683.0,0.6059999999997672,4724.580352,0.0,332616.0,28.6,8.125,28165.165056,120.0,0.006713150999530626,0.000711217000571196,0.026102195999555988,,,,,0.3414187910002511,,,,,,
167,110,,,1681386159,,,,,,,,,,,,,,,,,,,,,,,,,,,,,,,3.0,0.10450015199967311,1824.0,7.0618896484375,,0.48349739399964164,0.0,0.0001,0.004051887000059651,0.0,56.0
168,111,,,1681386160,8.875,0.0,0.9679999999999893,6853.361664,0.008172318882886576,88837.0,0.2469891843253534,2388.76672,473.0,6179.69664,0.0,0.0,0.0,13.5,66231.0,26.83333020136814,22543.310848,2.654208,1695.0,0.6069999999999709,4724.580352,0.0,334111.0,28.6,8.125,28145.88928,124.0,0.0066753639994203695,0.0006535379998240387,0.02913702400019247,,0.10482430999945791,,,0.3392223250002644,,,,,,
169,111,,,1681386160,,,,,,,,,,,,,,,,,,,,,,,,,,,,,,,3.0,,1856.0,6.9259033203125,,0.4852394909994473,0.0,0.0001,0.004726930000288121,0.0,57.0
170,112,,,1681386161,8.875,0.0,0.9799999999999898,6851.678208,0.008170872987568986,90333.0,0.23052394585905836,2388.74624,475.0,6179.67616,0.0,0.0,0.0,13.5,67217.0,26.77589492095918,22544.994304,2.654208,1705.0,0.6089999999994689,4724.584448,0.0,335830.0,28.6,8.125,28145.88928,125.0,0.006594188999770267,0.0008074300003499957,0.023760954999488604,,0.10505458300031023,,,0.342762314000538,,,,,,
171,112,,,1681386161,,,,,,,,,,,,,,,,,,,,,,,,,,,,,,,3.0,,1888.0,7.2799072265625,,0.4828899129997808,0.0,0.0001,0.003910441999323666,0.0,58.0
172,113,,,1681386162,,,,,,,,,,,,,,,,,,,,,,,,,,,,0.006797792999350349,0.0006704310007989989,0.024733948999710265,3.0,0.10382439499971952,1920.0,7.3231201171875,0.342812173999846,0.4829572079988793,0.0,0.0001,0.004118465999454202,0.0,59.0
173,113,,,1681386162,8.875,0.0,1.0,6849.662976,0.0408271995425551,91658.0,0.19010164789041945,2388.74624,480.0,6179.684352,0.0,0.0,0.0,13.375,68174.0,24.113676367627004,22566.273024,2.654208,1723.0,0.6129999999993743,4724.59264,0.0,337452.0,28.5,8.125,28145.88928,128.0,0.006752022000000579,0.0006485300000349525,0.024945469000158482,,,,,,,,,,,
174,114,,,1681386163,,,,,,,,,,,,,,,,,,,,,,,,,,,,,,,3.0,0.10461391099943285,1952.0,6.952392578125,0.3438256010003897,0.484883740999976,0.0,0.0001,0.004098207999959413,0.0,60.0
175,114,,,1681386163,8.875,0.0,1.0079999999999814,6846.230528,0.00816600851039623,93233.0,0.2575642019704411,2388.750336,482.0,6179.688448,0.0,0.0,0.0,13.375,69164.0,22.59565655517581,22550.4256,2.654208,1737.0,0.6149999999997817,4724.59264,0.0,339241.0,28.5,8.125,28145.88928,128.0,0.006900536000102875,0.0006685259995720116,0.025185789000715886,,,,,,,,,,,
176,115,,,1681386164,,,,,,,,,,,,,,,,,,,,,,,,,,,,,,,3.0,0.10413301000062347,1984.0,7.386474609375,0.3426175160002458,0.48441644800186623,0.0,0.0001,0.004911071000606171,0.0,61.0
177,115,,,1681386164,8.875,0.0,1.0199999999999818,6847.811584,0.00816276098531707,94195.0,0.2509172143579929,2388.74624,484.0,6179.684352,0.0,0.0,0.0,13.375,69873.0,21.9911078356505,22568.116224,2.654208,1752.0,0.6169999999992797,4724.59264,0.0,340495.0,28.5,8.125,28145.88928,128.0,0.006839996000053361,0.0007638289998794789,0.025851066999166505,,,,,0.3418185020000237,,,,,,
178,115,,,1681386164,,,,,,,,,,,,,,,,,,,,,,,,,,,,,,,3.0,0.10435692499959259,2016.0,7.4871826171875,,0.4839079799985484,0.0,0.0001,0.004277660999832733,0.0,62.0
179,116,,,1681386165,8.875,0.0,1.0319999999999823,6846.029824,0.008169625727370653,95470.0,0.22435355971111653,2388.750336,486.0,6179.688448,0.0,0.0,0.0,13.375,70898.0,31.010000470811963,22569.910272,2.654208,1770.0,0.6179999999994834,4724.59264,0.0,342147.0,28.5,8.125,28145.88928,130.0,0.006732671999998274,0.0007575150002594455,0.023839559000407462,,0.10495842399996036,,,0.3449225979993571,,,,,,
180,116,,,1681386165,,,,,,,,,,,,,,,,,,,,,,,,,,,,,,,3.0,,2048.0,7.3778076171875,,0.485213279999698,0.0,0.0001,0.004002511999715352,0.0,63.0
181,117,,,1681386166,8.875,0.0,1.039999999999992,6847.561728,0.008171763007746047,96431.0,0.24345309964676023,2388.74624,488.0,6179.684352,0.0,0.0,0.0,13.375,71346.0,0.17442404690733368,22587.650048,2.654208,1779.0,0.6199999999998909,4724.59264,0.0,343143.0,28.4,8.125,28145.88928,131.0,0.006690014000014344,0.0007857589998820913,0.023908680000204185,,0.10605758000019705,,,0.34340120300021226,,,,,,
182,117,,,1681386166,,,,,,,,,,,,,,,,,,,,,,,,,,,,,,,3.0,,2080.0,7.1204833984375,,0.4848938060004002,0.0,0.0001,0.0040505699998902855,0.0,64.0
183,118,,,1681386167,,,,,,,,,,,,,,,,,,,,,,,,,,,,0.006725721999828238,0.0006412239999917801,0.024466877000122622,3.0,0.10590846200011583,2112.0,6.9434814453125,0.3458754299999782,0.4849024350005493,0.0,0.0001,0.001284720000512607,0.0,65.0
184,118,,,1681386167,9.0,0.0,1.0519999999999925,6845.796352,0.03677545246313294,97623.0,0.18881736759361445,2388.74624,491.0,6179.684352,0.0,0.0,0.0,13.375,72411.0,37.4297410725235,22570.156032,2.654208,1799.0,0.6229999999995925,4724.59264,0.0,344807.0,28.5,8.25,28184.440832,132.0,,,,,,,,,,,,,,
185,119,,,1681386168,9.0,0.0,1.0559999999999832,6845.669376,0.0817109450140111,98213.0,0.4084190721461277,2388.74624,497.0,6179.684352,0.0,0.0,0.0,13.375,72743.0,0.10872981804662446,22570.262528,2.654208,1799.0,0.626999999999498,4724.59264,0.0,345286.0,28.5,8.25,28184.440832,132.0,,,,,,,,,,,,,,
186,120,,,1681386169,9.0,0.0,1.0600000000000023,6845.636608,0.004085687164400068,98685.0,0.16483992138095108,2388.74624,498.0,6179.684352,0.0,0.0,0.0,13.375,73008.0,0.0765986545001813,22570.295296,2.654208,1799.0,0.6279999999997017,4724.59264,0.0,345675.0,28.5,8.25,28184.440832,132.0,,,,,,,,,,,,,,
187,121,,,1681386170,9.0,0.0,1.0679999999999836,6845.677568,0.004086339246376585,99318.0,0.20763711292588719,2388.74624,499.0,6179.684352,0.0,0.0,0.0,13.375,73322.0,0.10673965049133297,22570.27072,2.654208,1799.0,0.6289999999999054,4724.59264,0.0,346191.0,28.5,8.25,28184.440832,132.0,,,,,,,,,,,,,,
188,122,,,1681386171,9.0,0.0,1.0720000000000027,6845.546496,0.004086642520816671,100159.0,0.19764344158217634,2388.74624,500.0,6179.684352,0.0,0.0,0.0,13.375,73740.0,0.17990805161790827,22570.401792,2.654208,1799.0,0.6299999999991996,4724.596736,0.0,346837.0,28.5,8.25,28184.440832,132.0,,,,,,,,,,,,,,
189,123,,,1681386172,8.875,0.0,1.079999999999984,6845.411328,0.00408644033285508,100615.0,0.13280931078330996,2388.74624,501.0,6179.684352,0.0,0.0,0.0,12.25,73975.0,0.07211130543704075,22570.53696,2.654208,1800.0,0.6309999999994034,4724.596736,0.0,347197.0,28.5,8.125,28184.440832,132.0,,,,,,,,,,,,,,
190,124,,,1681386173,8.875,0.0,1.0840000000000032,6845.411328,0.028632788075172184,101028.0,0.16239360581856557,2388.74624,504.0,6179.684352,0.0,0.0,0.0,12.25,74226.0,0.0709348564011203,22570.53696,2.654208,1800.0,0.6329999999998108,4724.596736,0.0,347541.0,28.5,8.125,28184.440832,132.0,,,,,,,,,,,,,,
191,125,,,1681386174,8.875,0.0,1.0919999999999845,6847.234048,0.004086279953966583,101510.0,0.15768890504874117,2388.74624,505.0,6179.684352,0.0,0.0,0.0,12.25,74478.0,0.0682376828653193,22568.706048,2.654208,1800.0,0.6339999999991051,4724.596736,0.0,347936.0,28.5,8.125,28184.440832,132.0,,,,,,,,,,,,,,
192,126,,,1681386175,8.875,0.0,1.0959999999999752,6847.070208,0.004089454812108918,102008.0,0.1438098317849471,2388.74624,506.0,6179.684352,0.0,0.0,0.0,12.25,74756.0,0.09285139097810274,22568.869888,2.654208,1800.0,0.6349999999993088,4724.596736,0.0,348337.0,28.5,8.125,28184.440832,132.0,,,,,,,,,,,,,,
193,127,,,1681386176,8.875,0.0,1.103999999999985,6846.930944,0.004086459773135858,102557.0,0.17105665205312198,2388.74624,507.0,6179.684352,0.0,0.0,0.0,12.25,75035.0,0.08295832596530191,22569.00096,2.654208,1800.0,0.6359999999995125,4724.596736,0.0,348776.0,28.5,8.125,28184.440832,132.0,,,,,,,,,,,,,,
194,128,,,1681386177,8.875,0.0,1.1119999999999948,6846.828544,0.06537275141562868,103146.0,0.17928030190005165,2388.74624,511.0,6179.684352,0.0,0.0,0.0,11.25,75379.0,0.0891294263163797,22569.10336,2.654208,1801.0,0.6399999999994179,4724.596736,0.0,349275.0,28.5,8.0,28184.440832,132.0,,,,,,,,,,,,,,
195,129,,,1681386178,8.875,0.0,1.1199999999999761,6846.455808,0.04085630808685101,103883.0,0.38701776217175693,2388.74624,514.0,6179.684352,0.0,0.0,0.0,11.25,75729.0,0.11865086814732696,22569.463808,2.654208,1801.0,0.6429999999991196,4724.596736,0.0,349867.0,28.5,8.0,28184.440832,132.0,,,,,,,,,,,,,,
196,130,,,1681386179,8.875,0.0,1.1239999999999952,6846.42304,0.004084976039554988,104488.0,0.1731008596502918,2388.74624,515.0,6179.684352,0.0,0.0,0.0,11.25,76057.0,0.08795464033500135,22569.496576,2.654208,1801.0,0.6429999999991196,4724.596736,0.0,350358.0,28.5,8.0,28184.440832,132.0,,,,,,,,,,,,,,
197,131,,,1681386180,8.875,0.0,1.127999999999986,6846.087168,0.004086197344950788,105227.0,0.20462112052833886,2388.74624,516.0,6179.684352,0.0,0.0,0.0,11.25,76436.0,7.980167834781191,22569.832448,2.654208,1801.0,0.6439999999993233,4724.596736,0.0,350957.0,28.5,8.0,28184.440832,132.0,,,,,,,,,,,,,,
198,132,,,1681386181,8.875,0.0,1.1319999999999766,6853.828608,0.0040866084974038345,107058.0,0.3273117992943619,2388.729856,517.0,6179.688448,0.0,0.0,0.0,11.25,78401.0,112.16060184961698,22542.839808,2.654208,1824.0,0.6449999999995271,4724.609024,0.0,353860.0,28.6,8.0,28184.440832,133.0,0.007144326000343426,0.0008726680007384857,0.024640001000079792,,0.10339007800030231,,,0.4028380700001435,,,,,,
199,132,,,1681386181,,,,,,,,,,,,,,,,,,,,,,,,,,,,,,,3.0,,2144.0,7.20166015625,,13.701044010002079,0.0,0.0001,13.162158867000471,0.0,66.0
200,133,,,1681386182,,,,,,,,,,,,,,,,,,,,,,,,,,,,0.006732587999977113,0.0007408299998132861,0.023425720999512123,3.0,0.10496165300082794,2176.0,7.3577880859375,0.3419073000004573,0.48162005200083513,0.0,0.0001,0.0038519600002473453,0.0,67.0
201,133,,,1681386182,8.875,0.0,1.143999999999977,6851.391488,0.012257122703899363,108691.0,0.20561004145077427,2388.76672,520.0,6179.729408,0.0,0.0,0.0,11.375,79465.0,34.929073099409884,22564.548608,2.654208,1843.0,0.6479999999992287,4724.61312,0.0,355754.0,28.5,8.0,28165.165056,134.0,0.006848907999483345,0.0006447509995268774,0.025373477000357525,,,,,,,,,,,
202,134,,,1681386183,,,,,,,,,,,,,,,,,,,,,,,,,,,,,,,3.0,0.10423407100006443,2208.0,7.0814208984375,0.34254587600025843,0.484085901999606,0.0,0.0001,0.004438818999915384,0.0,68.0
203,134,,,1681386183,8.875,0.0,1.1559999999999775,6874.099712,0.03268969538365188,110814.0,0.4011111816962895,2388.774912,524.0,6179.7376,0.0,0.0,0.0,11.375,80889.0,70.28808053183931,22541.836288,2.654208,1849.0,0.6509999999998399,4724.61312,0.0,358394.0,28.6,8.0,28145.88928,135.0,0.006665711000096053,0.0006876759998704074,0.02402258999973128,,,,,,,,,,,
204,135,,,1681386184,,,,,,,,,,,,,,,,,,,,,,,,,,,,,,,3.0,0.10402043799967942,2240.0,7.12548828125,0.34277907100022276,0.48186965599961695,0.0,0.0001,0.0036941700000170385,0.0,69.0
205,135,,,1681386184,8.875,0.0,1.1639999999999873,6876.520448,0.008171807708195446,111698.0,0.22631278785506037,2388.754432,526.0,6179.71712,0.0,0.0,0.0,11.375,81419.0,6.5997641796941515,22558.687232,2.654208,1872.0,0.6519999999991342,4724.61312,0.0,359420.0,28.5,8.0,28145.88928,136.0,0.006673193000096944,0.0007948290003696457,0.02407482499984326,,,,,0.34358642600000167,,,,,,
206,135,,,1681386184,,,,,,,,,,,,,,,,,,,,,,,,,,,,,,,3.0,0.10538670100049785,2272.0,7.156494140625,,0.484627086000728,0.0,0.0001,0.0041111119999186485,0.0,70.0
207,136,,,1681386185,8.875,0.0,1.171999999999997,6875.439104,0.008172851501902282,112942.0,0.20115271140015506,2388.758528,528.0,6179.721216,0.0,0.0,0.0,11.375,82347.0,30.62579761282387,22540.496896,2.654208,1895.0,0.6539999999995416,4724.61312,0.0,360998.0,28.6,8.0,28145.88928,137.0,0.006671154999821738,0.0006089509997764253,0.024081024999759393,,0.1051394079995589,,,0.3450982820004356,,,,,,
208,136,,,1681386185,,,,,,,,,,,,,,,,,,,,,,,,,,,,,,,3.0,,2304.0,7.10888671875,,0.482893921998766,0.0,0.0001,0.0012951009994139895,0.0,71.0
209,137,,,1681386186,8.875,0.0,1.1879999999999882,6875.291648,0.06945772244151381,113603.0,0.17295004806663056,2388.758528,534.0,6179.721216,0.0,0.0,0.0,11.375,82719.0,0.13822118684768808,22540.644352,2.654208,1902.0,0.6589999999996508,4724.61312,0.0,361605.0,28.6,8.0,28184.440832,137.0,,,,,,,,,,,,,,
210,138,,,1681386187,8.875,0.0,1.1919999999999789,6881.841152,0.004085722140511998,114859.0,0.2478804432416795,2388.729856,535.0,6179.692544,0.0,0.0,0.0,11.5,84214.0,103.3385342924559,22514.823168,2.654208,1912.0,0.6589999999996508,4724.61312,0.0,363607.0,28.7,8.125,28184.440832,138.0,0.006745583000338229,0.0010262929999953485,0.025927358999979333,,0.10480255900074553,,,0.3406435839997357,,,,,,
211,138,,,1681386187,,,,,,,,,,,,,,,,,,,,,,,,,,,,,,,3.0,,2336.0,7.4315185546875,,1.6432764050005062,0.0,0.0001,1.164131026999712,0.0,72.0
212,139,,,1681386188,8.875,0.0,1.2079999999999984,6883.770368,0.02042823177729748,115980.0,0.4065537314240408,2388.762624,540.0,6179.725312,0.0,0.0,0.0,11.5,85106.0,28.339216144910093,22512.889856,2.654208,1921.0,0.6639999999997599,4724.61312,0.0,365092.0,28.7,8.125,28165.165056,140.0,0.0067076499999529915,0.0007349280003836611,0.02385323100043024,,0.10494404699966253,,,0.3465478370007986,,,,,,
213,139,,,1681386188,,,,,,,,,,,,,,,,,,,,,,,,,,,,,,,3.0,,2368.0,6.98974609375,,0.48676555500151153,0.0,0.0001,0.003977862000283494,0.0,73.0
214,140,,,1681386189,,,,,,,,,,,,,,,,,,,,,,,,,,,,0.006705585999952746,0.0008529309998266399,0.02407068599950435,3.0,0.10506785600045987,2400.0,7.1597900390625,0.34403820900024584,0.4850682619999134,0.0,0.0001,0.004332993999923929,0.0,74.0
215,140,,,1681386189,8.875,0.0,1.2239999999999895,6883.885056,0.012255184547018468,117258.0,0.27039596637275715,2388.774912,543.0,6179.7376,0.0,0.0,0.0,11.5,86033.0,24.71661683261287,22531.919872,2.654208,1944.0,0.6659999999992579,4724.61312,0.0,366642.0,28.6,8.125,28145.88928,142.0,0.006753638000191131,,,,,,,,,,,,,
216,141,,,1681386190,,,,,,,,,,,,,,,,,,,,,,,,,,,,,0.0008704490001036902,0.026999531000001298,3.0,0.10538160399937624,2432.0,7.1717529296875,0.34163833999991766,0.4857651939992138,0.0,0.0001,0.004121631999623787,0.0,75.0
217,141,,,1681386190,8.875,0.0,1.2319999999999993,6882.291712,0.008172318882886576,118588.0,0.24861726350612853,2388.754432,545.0,6179.71712,0.0,0.0,0.0,11.5,87076.0,41.57457336569426,22514.507776,2.654208,1977.0,0.6679999999996653,4724.61312,0.0,368382.0,28.7,8.125,28145.88928,143.0,0.006820830999458849,0.0007262910003191791,0.025471766000009666,,,,,,,,,,,
218,142,,,1681386191,,,,,,,,,,,,,,,,,,,,,,,,,,,,,,,3.0,0.10568408899962378,2464.0,7.178466796875,0.3434012770003392,0.48672612399968784,0.0,0.0001,0.004621869999937189,0.0,76.0
219,142,,,1681386191,8.875,0.0,1.2439999999999998,6883.36896,0.0367706422989971,120054.0,0.22536381941835915,2388.758528,549.0,6179.721216,0.0,0.0,0.0,11.5,88323.0,42.65392113007584,22513.43872,2.654208,1994.0,0.670999999999367,4724.625408,0.0,370342.0,28.7,8.125,28145.88928,143.0,0.006761394000022847,0.00064330900022469,0.02756507999947644,,,,,,,,,,,
220,143,,,1681386192,,,,,,,,,,,,,,,,,,,,,,,,,,,,,,,3.0,0.10476816199934547,2496.0,7.2646484375,0.3427639530000306,0.48752419799893687,0.0,0.0001,0.005022299999836832,0.0,77.0
221,143,,,1681386192,8.875,0.0,1.2519999999999811,6882.111488,0.00817053102264456,121141.0,0.2135428922972195,2388.754432,551.0,6179.71712,0.0,0.0,0.0,11.5,89094.0,14.582115869625676,22514.561024,2.654208,2012.0,0.6719999999995707,4724.629504,0.0,371688.0,28.7,8.25,28145.88928,144.0,0.006572495000000345,0.0006219190008778241,0.027529146999768273,,,,,0.341355128000032,,,,,,
222,143,,,1681386192,,,,,,,,,,,,,,,,,,,,,,,,,,,,,,,3.0,0.10515117199975066,2528.0,7.0391845703125,,0.4862748150007974,0.0,0.0001,0.005044954000368307,0.0,78.0
223,144,,,1681386193,8.875,0.0,1.259999999999991,6881.718272,0.016356129520574362,122384.0,0.2071350465382283,2388.754432,555.0,6179.71712,0.0,0.0,0.0,11.5,90136.0,33.81472446744394,22514.95424,2.654208,2037.0,0.6759999999994761,4724.629504,0.0,373332.0,28.7,8.25,28145.88928,145.0,0.006768922000446764,0.0007179089998317068,0.024909659000513784,,0.1055708499998218,,,0.34243528499973763,,,,,,
224,144,,,1681386193,,,,,,,,,,,,,,,,,,,,,,,,,,,,,,,3.0,,2560.0,7.3746337890625,,0.48465252300047723,0.0,0.0001,0.00424989800012554,0.0,79.0
225,145,,,1681386194,8.875,0.0,1.2719999999999914,6878.744576,0.00817230916414021,123571.0,0.19643868918220875,2388.750336,557.0,6179.713024,0.0,0.0,0.0,11.5,90657.0,0.17879320527387835,22537.203712,2.654208,2053.0,0.6769999999996799,4724.629504,0.0,374539.0,28.6,8.25,28145.88928,146.0,0.006800594000196725,0.0006943009993847227,0.02490639900042879,,0.10563241899944842,,,0.34341373999995994,,,,,,
226,145,,,1681386194,,,,,,,,,,,,,,,,,,,,,,,,,,,,,,,3.0,,2592.0,7.2037353515625,,0.48564015999909316,0.0,0.0001,0.004192706999674556,0.0,80.0
227,146,,,1681386195,,,,,,,,,,,,,,,,,,,,,,,,,,,,0.006690233999506745,0.0005959319996691193,0.02478752200022427,3.0,0.10553070300011314,2624.0,7.29150390625,0.3422026390007886,0.4841671000003771,0.0,0.0001,0.004360070000075211,0.0,81.0
228,146,,,1681386195,8.875,0.0,1.2920000000000016,6878.326784,0.012259481382216886,124796.0,0.2464985826515979,2388.750336,560.0,6179.713024,0.0,0.0,0.0,11.5,91695.0,32.581998124361,22556.758016,2.654208,2073.0,0.6799999999993815,4724.629504,0.0,376167.0,28.5,8.25,28145.88928,147.0,0.006789025999751175,0.0006558770000992808,0.025208326999745623,,,,,,,,,,,
229,147,,,1681386196,,,,,,,,,,,,,,,,,,,,,,,,,,,,,,,3.0,0.10484895100034919,2656.0,7.181640625,0.3428874640003414,0.48500758500085794,0.0,0.0001,0.004617940000571252,0.0,82.0
230,147,,,1681386196,8.875,0.0,1.304000000000002,6876.946432,0.03268407487256903,126077.0,0.21250234326750997,2388.754432,564.0,6179.71712,0.0,0.0,0.0,11.5,92391.0,18.2283857326292,22551.691264,2.654208,2085.0,0.6829999999999927,4724.629504,0.0,377593.0,28.5,8.25,28145.88928,148.0,0.006869836000078067,0.0007498289996874519,0.02463639100005821,,,,,,,,,,,
231,148,,,1681386197,,,,,,,,,,,,,,,,,,,,,,,,,,,,,,,3.0,0.10551993799981574,2688.0,7.285888671875,0.33956541800034756,0.4786482839999735,0.0,0.0001,0.0013068719999864697,0.0,83.0
232,148,,,1681386197,8.875,0.0,1.3160000000000025,6879.113216,0.008172495768109312,126776.0,0.17356976360694634,2388.754432,566.0,6179.71712,0.0,0.0,0.0,10.625,92990.0,18.762190718950002,22536.818688,2.654208,2093.0,0.6849999999994907,4724.629504,0.0,378524.0,28.6,8.0,28184.440832,149.0,,,,,,,,,,,,,,
233,149,,,1681386198,8.875,0.0,1.3199999999999932,6879.04768,0.00408577850164975,127244.0,0.3942457052193806,2388.754432,567.0,6179.71712,0.0,0.0,0.0,10.625,93267.0,0.09132353355509791,22536.884224,2.654208,2093.0,0.6859999999996944,4724.629504,0.0,378913.0,28.6,8.0,28184.440832,149.0,,,,,,,,,,,,,,
234,150,,,1681386199,8.875,0.0,1.3239999999999839,6879.055872,0.004085445237590512,127710.0,0.15607677507559944,2388.754432,568.0,6179.71712,0.0,0.0,0.0,10.625,93534.0,0.06611718597656677,22536.876032,2.654208,2093.0,0.6859999999996944,4724.629504,0.0,379287.0,28.6,8.0,28184.440832,149.0,,,,,,,,,,,,,,
235,151,,,1681386200,8.875,0.0,1.3319999999999936,6878.650368,0.07354145949408784,128356.0,0.18546556006122028,2388.754432,572.0,6179.71712,0.0,0.0,0.0,10.625,93848.0,0.09898093138493123,22537.285632,2.654208,2093.0,0.6899999999995998,4724.629504,0.0,379795.0,28.6,8.0,28184.440832,149.0,,,,,,,,,,,,,,
236,152,,,1681386201,8.875,0.0,1.3359999999999843,6880.3584,0.0040859913138491825,129176.0,0.2194065608727837,2388.754432,573.0,6179.71712,0.0,0.0,0.0,10.625,94256.0,0.1656981203894563,22535.593984,2.654208,2093.0,0.6909999999998035,4724.629504,0.0,380440.0,28.6,8.0,28184.440832,149.0,,,,,,,,,,,,,,
237,153,,,1681386202,8.875,0.0,1.3400000000000034,6880.518144,0.004085948555280681,129651.0,0.1683698097883877,2388.754432,574.0,6179.71712,0.0,0.0,0.0,10.75,94529.0,0.09810266715256671,22535.430144,2.654208,2094.0,0.6919999999990978,4724.629504,0.0,380831.0,28.6,8.125,28184.440832,149.0,,,,,,,,,,,,,,
238,154,,,1681386203,8.875,0.0,1.343999999999994,6880.31744,0.004085294651419835,130117.0,0.13698503639993412,2388.754432,575.0,6179.71712,0.0,0.0,0.0,10.75,94836.0,0.07467631383748792,22535.626752,2.654208,2094.0,0.6929999999993015,4724.629504,0.0,381233.0,28.6,8.125,28184.440832,149.0,,,,,,,,,,,,,,
239,155,,,1681386204,8.875,0.0,1.3479999999999848,6880.1536,0.004084931359648457,130579.0,0.161649988784112,2388.754432,576.0,6179.71712,0.0,0.0,0.0,10.75,95097.0,0.07318569404475245,22535.790592,2.654208,2094.0,0.6939999999995052,4724.629504,0.0,381606.0,28.6,8.125,28184.440832,149.0,,,,,,,,,,,,,,
240,156,,,1681386205,8.875,0.0,1.3599999999999852,6879.981568,0.03268662446577086,131175.0,0.19920007809446344,2388.754432,579.0,6179.71712,0.0,0.0,0.0,10.75,95413.0,0.08394301821521666,22535.954432,2.654208,2094.0,0.6959999999999127,4724.629504,0.0,382094.0,28.6,8.125,28184.440832,149.0,,,,,,,,,,,,,,
241,157,,,1681386206,8.875,0.0,1.363999999999976,6879.817728,0.004087477730190956,131785.0,0.13398464599119184,2388.754432,580.0,6179.71712,0.0,0.0,0.0,10.75,95725.0,0.09984782023856,22536.118272,2.654208,2094.0,0.6969999999992069,4724.629504,0.0,382592.0,28.6,8.125,28184.440832,149.0,,,,,,,,,,,,,,
242,158,,,1681386207,8.875,0.0,1.367999999999995,6879.653888,0.004086049622430292,132374.0,0.17580388109160938,2388.754432,581.0,6179.71712,0.0,0.0,0.0,9.875,96060.0,0.09133757409653957,22536.282112,2.654208,2095.0,0.6979999999994106,4724.629504,0.0,383080.0,28.6,8.0,28184.440832,149.0,,,,,,,,,,,,,,
243,159,,,1681386208,8.875,0.0,1.3799999999999955,6880.33792,0.05725338949671325,133644.0,0.4445923780774199,2388.72576,584.0,6179.688448,0.0,0.0,0.0,9.875,97008.0,34.00535835380372,22554.734592,2.654208,2102.0,0.7019999999993161,4724.629504,0.0,384544.0,28.5,8.0,28184.440832,149.0,0.00708910499997728,0.0008126389993776684,0.026104032999683113,,,,,,,,,,,
244,160,,,1681386209,,,,,,,,,,,,,,,,,,,,,,,,,,,,,,,3.0,0.10526932700031466,2720.0,7.533203125,0.39968501100065623,11.877309303999937,0.0,0.0001,11.338349188999928,0.0,84.0
245,160,,,1681386209,8.875,0.0,1.3879999999999768,6882.942976,0.008167359492902935,135386.0,0.29399303808723326,2388.758528,586.0,6179.721216,0.0,0.0,0.0,9.875,98977.0,100.18804181746533,22525.812736,2.654208,2115.0,0.7039999999997235,4724.629504,0.0,387412.0,28.6,8.0,28165.165056,150.0,0.006747667000126967,0.0006473690000348142,0.0242510409998431,,,,,,,,,,,
246,161,,,1681386210,,,,,,,,,,,,,,,,,,,,,,,,,,,,,,,3.0,0.10512421400017047,2752.0,7.150390625,0.34491969299961056,0.4853075959990747,0.0,0.0001,0.0036176119992887834,0.0,85.0
247,161,,,1681386210,8.875,0.0,1.3959999999999866,6886.424576,0.008167495396312603,136629.0,0.23820532224635788,2388.762624,588.0,6179.725312,0.0,0.0,0.0,9.875,100189.0,54.06781453123908,22510.235648,2.654208,2126.0,0.7059999999992215,4724.629504,0.0,389241.0,28.7,8.0,28165.165056,153.0,0.00673427299989271,0.0006276729991441243,0.025634632000219426,,,,,,,,,,,
248,162,,,1681386211,,,,,,,,,,,,,,,,,,,,,,,,,,,,,,,3.0,0.10547393599972565,2784.0,7.1851806640625,0.34333306000007724,0.4860747349985104,0.0,0.0001,0.00427116099945124,0.0,86.0
249,162,,,1681386211,8.875,0.0,1.4039999999999964,6886.608896,0.04497228084827284,138102.0,0.2995703281880282,2388.770816,592.0,6179.733504,0.0,0.0,0.0,9.875,101346.0,36.550510583232835,22510.063616,2.654208,2155.0,0.7089999999998327,4724.629504,0.0,391109.0,28.7,8.0,28145.88928,155.0,0.0067505240003811195,0.0007137789998523658,0.024851856000168482,,,,,0.34205824099990423,,,,,,
250,162,,,1681386211,,,,,,,,,,,,,,,,,,,,,,,,,,,,,,,3.0,0.10515244799989887,2816.0,7.45361328125,,0.48307396400014113,0.0,0.0001,0.003547115999936068,0.0,87.0
251,163,,,1681386212,8.875,0.0,1.4159999999999968,6880.497664,0.008171613361974486,139497.0,0.17315201826872678,2388.750336,594.0,6179.71712,0.0,0.0,0.0,10.125,102055.0,4.634677351246419,22516.170752,2.654208,2177.0,0.7109999999993306,4724.645888,0.0,392545.0,28.6,8.125,28145.88928,158.0,0.006692435999866575,0.0006247280007301015,0.023646267000003718,,0.10526277200006007,,,0.3442669250007384,,,,,,
252,163,,,1681386212,,,,,,,,,,,,,,,,,,,,,,,,,,,,,,,3.0,,2848.0,6.9876708984375,,0.4845508050011631,0.0,0.0001,0.004057676999764226,0.0,88.0
253,164,,,1681386213,8.875,0.0,1.4239999999999782,6880.489472,0.008170913792113519,140653.0,0.2400924072806724,2388.754432,596.0,6179.721216,0.0,0.0,0.0,10.125,102920.0,27.62910714636317,22516.178944,2.654208,2193.0,0.7129999999997381,4724.645888,0.0,394009.0,28.6,8.125,28145.88928,160.0,0.006657143999291293,0.0007279450001078658,0.024414084999989427,,0.10493651700016926,,,0.34400775199992495,,,,,,
254,164,,,1681386213,,,,,,,,,,,,,,,,,,,,,,,,,,,,,,,3.0,,2880.0,7.1690673828125,,0.48468173800029035,0.0,0.0001,0.003938295000807557,0.0,89.0
255,165,,,1681386214,,,,,,,,,,,,,,,,,,,,,,,,,,,,0.006796283999392472,0.0006229219998203916,0.024228448999565444,3.0,0.10479015600049024,2912.0,7.1895751953125,0.3473540139993929,0.4876992019981117,0.0,0.0001,0.003907376999450207,0.0,90.0
256,165,,,1681386214,8.875,0.0,1.4399999999999977,6879.481856,0.012256105459417289,141740.0,0.1992734230406609,2388.754432,599.0,6179.721216,0.0,0.0,0.0,10.125,103461.0,0.13772160173771938,22555.742208,2.654208,2218.0,0.714999999999236,4724.645888,0.0,395120.0,28.5,8.125,28145.88928,161.0,0.006837090999397333,0.0007539019998148433,0.024256792000414862,,,,,,,,,,,
257,166,,,1681386215,,,,,,,,,,,,,,,,,,,,,,,,,,,,,,,3.0,0.10478926399991906,2944.0,7.3245849609375,0.341944465000779,0.48286518800068734,0.0,0.0001,0.004283674000362225,0.0,91.0
258,166,,,1681386215,8.875,0.0,1.447999999999979,6881.120256,0.008172456891579673,142768.0,0.18838151604182993,2388.750336,601.0,6179.71712,0.0,0.0,0.0,10.125,104299.0,31.234739170399912,22553.960448,2.654208,2231.0,0.7169999999996435,4724.645888,0.0,396521.0,28.5,8.125,28145.88928,162.0,0.006689034999908472,0.0006055980002201977,0.02392956800031243,,,,,,,,,,,
259,167,,,1681386216,,,,,,,,,,,,,,,,,,,,,,,,,,,,,,,3.0,0.10490798099999665,2976.0,7.3980712890625,0.3469507400004659,0.4870751480011677,0.0,0.0001,0.003992226000264054,0.0,92.0
260,167,,,1681386216,8.875,0.0,1.4599999999999795,6886.506496,0.03677149054500195,144459.0,0.28799546308547413,2388.750336,605.0,6179.77856,0.0,0.0,0.0,10.125,106228.0,109.90291503249922,22510.166016,2.654208,2245.0,0.7199999999993452,4724.645888,0.0,399281.0,28.7,8.125,28145.88928,163.0,0.006684453000161739,0.000802031000603165,0.024115471999721194,,,,,,,,,,,
261,168,,,1681386217,,,,,,,,,,,,,,,,,,,,,,,,,,,,,,,3.0,0.10531452099985472,3008.0,7.1414794921875,0.3470632080006908,0.4881934500008356,0.0,0.0001,0.004213764999803971,0.0,93.0
262,168,,,1681386217,8.875,0.0,1.47199999999998,6888.525824,0.06538012164484402,145741.0,0.2680808454501885,2388.774912,610.0,6179.803136,0.0,0.0,0.0,10.375,107199.0,33.235951317127935,22508.142592,2.654208,2265.0,0.7249999999994543,4724.645888,0.0,400865.0,28.7,8.125,28165.165056,166.0,0.006751199000063934,0.00063860700083751,0.02457437500015658,,0.10554182199939532,,,0.3510649199997715,,,,,,
263,168,,,1681386217,,,,,,,,,,,,,,,,,,,,,,,,,,,,,,,3.0,,3040.0,7.1104736328125,,0.49294736400042893,0.0,0.0001,0.004376441000204068,0.0,94.0
264,169,,,1681386218,8.875,0.0,1.4839999999999804,6888.448,0.008172526869599333,146956.0,0.4403188279877149,2388.74624,612.0,6179.774464,0.0,0.0,0.0,10.375,108163.0,31.030302383185834,22508.35968,2.654208,2282.0,0.7269999999998618,4724.645888,0.0,402472.0,28.7,8.125,28145.88928,166.0,0.006760809000297741,0.0007724019997112919,0.02497003600001335,,0.10633366000001843,,,0.34479666399965936,,,,,,
265,169,,,1681386218,,,,,,,,,,,,,,,,,,,,,,,,,,,,,,,3.0,,3072.0,7.0731201171875,,0.4873602049992769,0.0,0.0001,0.003726633999576734,0.0,95.0
266,170,,,1681386219,8.875,0.0,1.4919999999999902,6887.87456,0.008168207969850606,148137.0,0.21217398814649735,2388.750336,614.0,6179.77856,0.0,0.0,0.0,10.375,109146.0,31.552550998476438,22508.78976,2.654208,2292.0,0.727999999999156,4724.645888,0.0,404026.0,28.7,8.125,28145.88928,169.0,0.006705157999931544,0.0005976400007057237,0.023418085999765026,,0.10523315499995078,,,0.34778970399929676,,,,,,
267,170,,,1681386219,,,,,,,,,,,,,,,,,,,,,,,,,,,,,,,3.0,,3104.0,7.263916015625,,0.48788737199993193,0.0,0.0001,0.00414362900028209,0.0,96.0
268,171,,,1681386220,,,,,,,,,,,,,,,,,,,,,,,,,,,,0.006761579999874812,0.0006504530001620878,0.023602499999469728,3.0,0.10543136399974173,3136.0,7.201904296875,0.34797897699991154,0.4886300279995339,0.0,0.0001,0.004205154000374023,0.0,97.0
269,171,,,1681386220,8.875,0.0,1.5079999999999814,6886.0928,0.012251269304204875,149542.0,0.22117688654510675,2388.750336,617.0,6179.782656,0.0,0.0,0.0,10.375,110092.0,30.791659107084826,22529.851392,2.654208,2319.0,0.7319999999999709,4724.645888,0.0,405701.0,28.6,8.125,28145.88928,170.0,0.0070959669992589625,0.000654041999951005,0.02623577699978341,,,,,,,,,,,
270,172,,,1681386221,,,,,,,,,,,,,,,,,,,,,,,,,,,,,,,3.0,0.10501549699984025,3168.0,7.2337646484375,0.34350362599980144,0.48694089199943846,0.0,0.0001,0.00443598300080339,0.0,98.0
271,172,,,1681386221,8.875,0.0,1.5199999999999818,6886.293504,0.016340560788525253,150964.0,0.22593538080600772,2388.74624,621.0,6179.77856,0.0,0.0,0.0,10.375,111145.0,28.742041101915476,22510.379008,2.654208,2333.0,0.7359999999998763,4724.645888,0.0,407427.0,28.7,8.125,28145.88928,171.0,0.006729609999638342,0.0007273339997482253,0.024279809999825375,,,,,,,,,,,
272,173,,,1681386222,,,,,,,,,,,,,,,,,,,,,,,,,,,,,,,3.0,0.10598974299955444,3200.0,7.0601806640625,0.34729603199957637,0.489002119998986,0.0,0.0001,0.003979591000643268,0.0,99.0
273,173,,,1681386222,9.0,0.0,1.5319999999999823,6887.825408,0.03677457779489122,152364.0,0.2641417048179134,2388.750336,625.0,6179.782656,0.0,0.0,0.0,11.5,112548.0,57.06021061790961,22508.834816,2.654208,2344.0,0.7399999999997817,4724.65408,0.0,409542.0,28.7,8.375,28145.88928,172.0,0.007155534000048647,0.0006258859993977239,0.02825850499993976,,,,,,,,,,,
274,174,,,1681386223,,,,,,,,,,,,,,,,,,,,,,,,,,,,,,,3.0,0.10592529099994863,3232.0,7.38037109375,0.3441957450004338,0.4914636370003791,0.0,0.0001,0.005302676000610518,0.0,100.0
275,174,,,1681386223,9.0,0.0,1.5439999999999827,6892.146688,0.008172579350271176,153811.0,0.2325593650162444,2388.74624,627.0,6179.77856,0.0,0.0,0.0,11.5,113569.0,29.756042182034204,22504.521728,2.654208,2360.0,0.7409999999999854,4724.65408,0.0,411432.0,28.7,8.375,28145.88928,173.0,0.006866407999950752,0.0007074379991536262,0.02485964000061358,,0.10611957899982372,,,0.3483677610001905,,,,,,
276,174,,,1681386223,,,,,,,,,,,,,,,,,,,,,,,,,,,,,,,3.0,,3264.0,6.9754638671875,,0.4910801900005026,0.0,0.0001,0.004159364000770438,0.0,101.0
277,175,,,1681386224,9.0,0.0,1.5519999999999925,6892.29824,0.008173045910651643,155084.0,0.2180543107682413,2388.750336,629.0,6179.782656,0.0,0.0,0.0,11.5,114524.0,33.02366290529312,22504.36608,2.654208,2377.0,0.7429999999994834,4724.65408,0.0,413075.0,28.7,8.375,28145.88928,173.0,0.006831149999925401,0.0006612730003325851,0.024086368999633123,,0.10551676800059795,,,0.34940703099982784,,,,,,
278,175,,,1681386224,,,,,,,,,,,,,,,,,,,,,,,,,,,,,,,3.0,,3296.0,7.192138671875,,0.49049317200024234,0.0,0.0001,0.003990580999925442,0.0,102.0
279,176,,,1681386225,9.0,0.0,1.5600000000000023,6891.634688,0.008172040935863436,156106.0,0.18706312452810586,2388.74624,631.0,6179.77856,0.0,0.0,0.0,11.5,115359.0,23.87660473748921,22505.029632,2.654208,2388.0,0.7449999999998909,4724.65408,0.0,414450.0,28.7,8.375,28145.88928,174.0,0.00697366799977317,0.0007231870004034135,0.026250900000377442,,0.1059471320004377,,,0.3433064339997145,,,,,,
280,176,,,1681386225,,,,,,,,,,,,,,,,,,,,,,,,,,,,,,,3.0,,3328.0,7.24365234375,,0.4872995150008137,0.0,0.0001,0.004098194000107469,0.0,103.0
281,177,,,1681386226,,,,,,,,,,,,,,,,,,,,,,,,,,,,0.006738025999766251,0.000694411000040418,0.02386540200041054,3.0,0.10665346799942199,3360.0,7.207763671875,0.34977952700046444,0.49172737800017785,0.0,0.0001,0.003996544000074209,0.0,104.0
282,177,,,1681386226,9.0,0.0,1.579999999999984,6889.275392,0.012258516223973719,157312.0,0.20960785817563662,2388.74624,634.0,6179.77856,0.0,0.0,0.0,11.5,116246.0,27.819577281163756,22526.656512,2.654208,2408.0,0.7479999999995925,4724.65408,0.0,415970.0,28.6,8.375,28145.88928,175.0,0.00680875299985928,0.0006886520004627528,0.025926032000825217,,,,,,,,,,,
283,178,,,1681386227,,,,,,,,,,,,,,,,,,,,,,,,,,,,,,,3.0,0.10517368900036672,3392.0,6.891845703125,0.34704612199948315,0.48969450300137396,0.0,0.0001,0.004051255000376841,0.0,105.0
284,178,,,1681386227,9.125,0.0,1.5959999999999752,6888.677376,0.0326890422793912,158502.0,0.1999650008304568,2388.750336,638.0,6179.782656,0.0,0.0,0.0,12.625,117424.0,47.20180388375887,22507.982848,2.654208,2420.0,0.751999999999498,4724.65408,0.0,417731.0,28.7,8.75,28145.88928,178.0,0.007060518999423948,0.0006083959997340571,0.027702524000233097,,,,,,,,,,,
285,179,,,1681386228,,,,,,,,,,,,,,,,,,,,,,,,,,,,,,,3.0,0.10676130299998476,3424.0,6.9700927734375,0.3452630629999476,0.49249796499952936,0.0,0.0001,0.005102160000205913,0.0,106.0
286,179,,,1681386228,9.125,0.0,1.6119999999999948,6888.833024,0.020429669889873502,159642.0,0.47533297956011683,2388.74624,642.0,6179.77856,0.0,0.0,0.0,12.625,118475.0,37.197153866237166,22507.958272,2.654208,2430.0,0.7559999999994034,4724.65408,0.0,419371.0,28.7,8.75,28145.88928,179.0,0.0065938150000874884,0.0005727170000682236,0.023839774000407488,,,,,,,,,,,
287,180,,,1681386229,,,,,,,,,,,,,,,,,,,,,,,,,,,,,,,3.0,0.10714127499977621,3456.0,7.3726806640625,0.3465862010007186,0.4886045950015614,0.0,0.0001,0.0038708130005034036,0.0,107.0
288,180,,,1681386229,9.125,0.0,1.6199999999999761,6912.761856,0.008172515206512835,161026.0,0.252789303319066,2388.74624,644.0,6179.77856,0.0,0.0,0.0,12.625,119514.0,36.310165818610095,22483.898368,2.654208,2444.0,0.7579999999998108,4724.65408,0.0,421116.0,28.8,8.75,28145.88928,180.0,0.006623658000535215,0.0007662880007046624,0.025170140999762225,,0.10593665699980193,,,0.34899713399954635,,,,,,
289,181,,,1681386230,,,,,,,,,,,,,,,,,,,,,,,,,,,,,,,3.0,,3488.0,7.2449951171875,,0.4914893450004456,0.0,0.0001,0.003995467000095232,0.0,108.0
290,181,,,1681386230,9.125,0.0,1.6319999999999766,6912.745472,0.08171251901501204,162167.0,0.20365089824518592,2388.742144,649.0,6179.774464,0.0,0.0,0.0,12.625,120400.0,27.803817717474956,22483.910656,2.654208,2457.0,0.76299999999992,4724.65408,0.0,422607.0,28.8,8.75,28145.88928,182.0,0.006444720999752462,0.0006964050007809419,0.029613284000333806,,0.10522762199980207,,,0.3429244259996267,,,,,,
291,181,,,1681386230,,,,,,,,,,,,,,,,,,,,,,,,,,,,,,,3.0,,3520.0,6.928955078125,,0.49046749500030273,0.0,0.0001,0.005561037000006763,0.0,109.0
292,182,,,1681386231,9.125,0.0,1.6399999999999864,6912.65536,0.008171106158255732,163730.0,0.27794528297945076,2388.74624,651.0,6179.77856,0.0,0.0,0.0,12.625,121581.0,42.91502459722418,22484.00896,2.654208,2468.0,0.7649999999994179,4724.65408,0.0,424591.0,28.8,8.75,28145.88928,184.0,0.006767294000383117,0.0005955059996267664,0.024091770000268298,,0.10625930199967115,,,0.35252366500026255,,,,,,
293,182,,,1681386231,,,,,,,,,,,,,,,,,,,,,,,,,,,,,,,3.0,,3552.0,7.1478271484375,,0.4948078799998257,0.0,0.0001,0.004570342999613786,0.0,110.0
294,183,,,1681386232,,,,,,,,,,,,,,,,,,,,,,,,,,,,0.006652031999692554,0.0008543519998056581,0.025924341000063578,3.0,0.10520617699967261,3584.0,7.188720703125,0.3480543129999205,0.49086677899958886,0.0,0.0001,0.004175564000433951,0.0,111.0
295,183,,,1681386232,9.125,0.0,1.643999999999977,6910.353408,0.004088252962078754,165274.0,0.2115431361604686,2388.74624,652.0,6179.77856,0.0,0.0,0.0,12.625,122647.0,29.65165157713306,22505.590784,2.654208,2508.0,0.7659999999996217,4724.65408,0.0,426392.0,28.7,8.75,28145.88928,186.0,0.006814901000325335,0.0006918419994690339,0.024767723000877595,,,,,,,,,,,
296,184,,,1681386233,,,,,,,,,,,,,,,,,,,,,,,,,,,,,,,3.0,0.1074982820000514,3616.0,7.193115234375,0.35089745499954006,0.49465513300037856,0.0,0.0001,0.003984930000115128,0.0,112.0
297,184,,,1681386233,9.125,0.0,1.6559999999999775,6910.631936,0.016344260686665262,166521.0,0.22200422055478977,2388.742144,656.0,6179.774464,0.0,0.0,0.0,12.625,123765.0,41.923100480834854,22486.175744,2.654208,2520.0,0.7689999999993233,4724.65408,0.0,428124.0,28.7,8.75,28145.88928,188.0,0.006607786000131455,0.0006571920002897969,0.023798557000191067,,,,,,,,,,,
298,185,,,1681386234,,,,,,,,,,,,,,,,,,,,,,,,,,,,,,,3.0,0.1056820069998139,3648.0,7.30078125,0.34952567599975737,0.49032592399998975,0.0,0.0001,0.004054705999806174,0.0,113.0
299,185,,,1681386234,9.125,0.0,1.6639999999999873,6911.213568,0.008171873784387404,167658.0,0.24369581039954408,2388.74624,658.0,6179.77856,0.0,0.0,0.0,12.625,124798.0,49.288058219639886,22485.454848,2.654208,2531.0,0.7699999999995271,4724.65408,0.0,429734.0,28.7,8.75,28145.88928,191.0,0.006749236999894492,0.0006990289994064369,0.02445236699986708,,,,,,,,,,,
300,186,,,1681386235,,,,,,,,,,,,,,,,,,,,,,,,,,,,,,,3.0,0.10617944700061344,3680.0,7.1326904296875,0.3479833729998063,0.490164052000182,0.0,0.0001,0.0041005990005942294,0.0,114.0
301,186,,,1681386235,9.125,0.0,1.6799999999999784,6912.851968,0.036772111454534184,168869.0,0.23292195944155736,2388.742144,662.0,6179.774464,0.0,0.0,0.0,12.625,125779.0,33.34412552751239,22483.812352,2.654208,2544.0,0.7729999999992287,4724.65408,0.0,431320.0,28.8,8.75,28145.88928,191.0,0.006983983999816701,0.0006745430000592023,0.02404749100060144,,,,,0.3520177230002446,,,,,,
302,187,,,1681386236,,,,,,,,,,,,,,,,,,,,,,,,,,,,,,,3.0,0.10560183399957168,3712.0,7.31201171875,,0.4936920950003696,0.0,0.0001,0.00436652000007598,0.0,115.0
303,187,,,1681386236,9.125,0.0,1.6919999999999789,6912.876544,0.008171014833692123,170171.0,0.20350135864351054,2388.74624,664.0,6179.77856,0.0,0.0,0.0,12.625,126730.0,23.493143852259877,22483.787776,2.654208,2560.0,0.7759999999998399,4724.65408,0.0,432902.0,28.8,8.75,28145.88928,194.0,0.00691575400014699,0.0006971160000830423,0.027498365000610647,,0.1059718710002926,,,0.3468035109999619,,,,,,
304,187,,,1681386236,,,,,,,,,,,,,,,,,,,,,,,,,,,,,,,3.0,,3744.0,7.347900390625,,0.49264499400123896,0.0,0.0001,0.00475837700014381,0.0,116.0
305,188,,,1681386237,9.125,0.0,1.6999999999999886,6913.974272,0.008171693039178037,171402.0,0.2500506150020263,2388.742144,666.0,6179.774464,0.0,0.0,0.0,12.5,127723.0,32.3745959361282,22482.690048,2.654208,2573.0,0.7779999999993379,4724.65408,0.0,434514.0,28.8,8.875,28145.88928,195.0,0.00675855200006481,0.0007249869995575864,0.02434814499974891,,0.10716447200047696,,,0.3532533540001168,,,,,,
306,188,,,1681386237,,,,,,,,,,,,,,,,,,,,,,,,,,,,,,,3.0,,3776.0,7.1068115234375,,0.49649207400034356,0.0,0.0001,0.004242564000378479,0.0,117.0
307,189,,,1681386238,,,,,,,,,,,,,,,,,,,,,,,,,,,,0.006789646000470384,0.0007401140001093154,0.02537565199963865,3.0,0.10760127899993677,3808.0,7.0533447265625,0.35057756200058066,0.49548679500094295,0.0,0.0001,0.004402542000207177,0.0,118.0
308,189,,,1681386238,9.125,0.0,1.7199999999999989,6911.991808,0.0939405553507832,172903.0,0.45740977440403163,2388.742144,671.0,6179.774464,0.0,0.0,0.0,12.5,128854.0,30.22782271108894,22503.809024,2.654208,2599.0,0.782999999999447,4724.65408,0.0,436331.0,28.7,8.875,28145.88928,197.0,0.007376829999884649,,,,,,,,,,,,,
309,190,,,1681386239,,,,,,,,,,,,,,,,,,,,,,,,,,,,,0.0007764870006212732,0.030752806999771565,3.0,0.10622346599939192,3840.0,7.134033203125,0.3439457559998118,0.49462016099914763,0.0,0.0001,0.005544814999666414,0.0,119.0
310,190,,,1681386239,9.125,0.0,1.7319999999999993,6909.804544,0.008172278060677949,174339.0,0.2602279988126185,2388.74624,673.0,6179.77856,0.0,0.0,0.0,12.5,129955.0,42.727893933313794,22501.343232,2.654208,2620.0,0.7849999999998545,4724.65408,0.0,438163.0,28.7,8.875,28145.88928,199.0,0.006773679999241722,0.0006286019997787662,0.023761073999594373,,,,,,,,,,,
311,191,,,1681386240,,,,,,,,,,,,,,,,,,,,,,,,,,,,,,,3.0,0.10622131699983584,3872.0,7.2120361328125,0.3530081949993473,0.49460777699823666,0.0,0.0001,0.004214909000438638,0.0,120.0
312,191,,,1681386240,9.125,0.0,1.7479999999999905,6911.520768,0.049033889965053055,175504.0,0.23294290044481153,2388.742144,677.0,6179.774464,0.0,0.0,0.0,12.5,130941.0,40.46561673280737,22485.131264,2.654208,2632.0,0.7889999999997599,4724.65408,0.0,439774.0,28.7,8.875,28145.88928,202.0,0.006748226999661711,0.0007174150005084812,0.024967201000436035,,,,,,,,,,,
313,192,,,1681386241,,,,,,,,,,,,,,,,,,,,,,,,,,,,,,,3.0,0.1074982860000091,3904.0,7.164306640625,0.350630944999466,0.49496968800031027,0.0,0.0001,0.004407614000228932,0.0,121.0
314,192,,,1681386241,9.125,0.0,1.7560000000000002,6910.304256,0.00817256769066423,176675.0,0.2186720528752718,2388.74624,679.0,6179.77856,0.0,0.0,0.0,12.5,131945.0,34.647911979653585,22486.626304,2.654208,2646.0,0.7899999999999636,4724.65408,0.0,441375.0,28.7,8.875,28145.88928,203.0,0.006686050000098476,0.0006455290003941627,0.025019904999680875,,,,,0.35189103900029295,,,,,,
315,193,,,1681386242,,,,,,,,,,,,,,,,,,,,,,,,,,,,,,,3.0,0.10592556200026593,3936.0,7.24462890625,,0.49433091600076295,0.0,0.0001,0.004162831000030565,0.0,122.0
316,193,,,1681386242,9.125,0.0,1.7639999999999816,6910.881792,0.008172406352644096,178058.0,0.2404714607160595,2388.738048,681.0,6179.770368,0.0,0.0,0.0,12.5,132943.0,24.53051517653047,22485.786624,2.654208,2672.0,0.7919999999994616,4724.65408,0.0,443022.0,28.7,8.875,28145.88928,205.0,0.006963050999729603,0.0006362200001603924,0.02458627099986188,,0.10654800300017087,,,0.3515650999997888,,,,,,
317,193,,,1681386242,,,,,,,,,,,,,,,,,,,,,,,,,,,,,,,3.0,,3968.0,7.063720703125,,0.4946009559998856,0.0,0.0001,0.004302311000174086,0.0,123.0
318,194,,,1681386243,9.125,0.0,1.775999999999982,6911.717376,0.008172326657900313,179247.0,0.23799507151549168,2388.758528,683.0,6179.79904,0.0,0.0,0.0,12.5,133935.0,30.51318523103176,22484.946944,2.654208,2684.0,0.793999999999869,4724.65408,0.0,444620.0,28.7,8.875,28145.88928,206.0,0.00676996699985466,0.0006499910005004494,0.024092021000797104,,0.10714464000011503,,,0.35378796699933446,,,,,,
319,194,,,1681386243,,,,,,,,,,,,,,,,,,,,,,,,,,,,,,,3.0,,4000.0,7.24951171875,,0.4966960050005582,0.0,0.0001,0.004251418999956513,0.0,124.0
320,195,,,1681386244,9.125,0.0,1.7879999999999825,6913.18784,0.06129769851203738,180342.0,0.19232152909685213,2388.754432,688.0,6179.794944,0.0,0.0,0.0,12.5,134850.0,29.81097037767455,22483.480576,2.654208,2694.0,0.7969999999995707,4724.658176,0.0,446102.0,28.8,8.875,28145.88928,209.0,0.006722656999954779,0.000630333000117389,0.024402813000051538,,0.10680375799984176,,,0.35342915399996855,,,,,,
321,195,,,1681386244,,,,,,,,,,,,,,,,,,,,,,,,,,,,,,,3.0,,4032.0,7.2078857421875,,0.4962558919996809,0.0,0.0001,0.00426717699974688,0.0,125.0
322,196,,,1681386245,,,,,,,,,,,,,,,,,,,,,,,,,,,,0.006656021000708279,0.0006332809998639277,0.024040031999902567,3.0,0.10732859400013695,4064.0,7.2183837890625,0.3538365739996152,0.4965665870004159,0.0,0.0001,0.004072085000188963,0.0,126.0
323,196,,,1681386245,9.125,0.0,1.804000000000002,6909.837312,0.012255665389538638,181746.0,0.22522178833880663,2388.754432,691.0,6179.794944,0.0,0.0,0.0,12.5,135932.0,39.211379050343574,22506.102784,2.654208,2714.0,0.7999999999992724,4724.658176,0.0,447889.0,28.7,8.875,28145.88928,211.0,0.006802355999752763,0.0007564190000266535,0.02501126400056819,,,,,,,,,,,
324,197,,,1681386246,,,,,,,,,,,,,,,,,,,,,,,,,,,,,,,3.0,0.10645082100018044,4096.0,7.1328125,0.35108933599985903,0.49445187900073506,0.0,0.0001,0.0043416830003479845,0.0,127.0
325,197,,,1681386246,9.125,0.0,1.8119999999999834,6910.967808,0.008168943977056396,183015.0,0.22245215123590953,2388.758528,693.0,6179.79904,0.0,0.0,0.0,12.5,137048.0,45.12070735443391,22485.700608,2.654208,2736.0,0.8019999999996799,4724.658176,0.0,449643.0,28.7,8.875,28145.88928,211.0,0.006796210000175051,0.0007508589997087256,0.025848371999927622,,,,,,,,,,,
326,198,,,1681386247,,,,,,,,,,,,,,,,,,,,,,,,,,,,,,,3.0,0.10706541600029595,4128.0,7.0802001953125,0.349477630000365,0.4941040540006725,0.0,0.0001,0.004165567000200099,0.0,128.0
327,198,,,1681386247,9.25,0.0,1.8239999999999839,6912.528384,0.008172105075806064,184051.0,0.1867932533004141,2388.754432,695.0,6179.794944,0.0,0.0,0.0,13.5,137966.0,33.366904534099056,22484.140032,2.654208,2752.0,0.8039999999991778,4724.658176,0.0,451096.0,28.8,9.125,28145.88928,213.0,0.006626964000133739,0.0006537860008393181,0.025430629999391385,,,,,,,,,,,
328,199,,,1681386248,,,,,,,,,,,,,,,,,,,,,,,,,,,,,,,3.0,0.10746771200047078,4160.0,7.14892578125,0.3503993550002633,0.49491490500167856,0.0,0.0001,0.0043364580005800235,0.0,129.0
329,199,,,1681386248,9.25,0.0,1.8319999999999936,6909.448192,0.0081719904020723,185208.0,0.45611517515679983,2388.758528,697.0,6179.79904,0.0,0.0,0.0,13.5,138720.0,6.9516983577642915,22487.212032,2.654208,2771.0,0.8049999999993815,4724.658176,0.0,452443.0,28.7,9.125,28145.88928,215.0,0.006628584999816667,0.0008844579997457913,0.0299133360003907,,,,,0.3483184970000366,,,,,,
330,200,,,1681386249,,,,,,,,,,,,,,,,,,,,,,,,,,,,,,,3.0,0.10791778600014368,4192.0,7.1607666015625,,0.4987622620001275,0.0,0.0001,0.005099599999994098,0.0,130.0
331,200,,,1681386249,9.25,0.0,1.843999999999994,6911.995904,0.03677574110915422,186514.0,0.26032723510444006,2388.754432,701.0,6179.794944,0.0,0.0,0.0,13.5,139933.0,53.09979666077675,22484.660224,2.654208,2790.0,0.8079999999999927,4724.658176,0.0,454301.0,28.7,9.125,28145.88928,215.0,0.006832751999354514,0.0007568329992864165,0.023603728000125557,,0.10639094700036367,,,0.35297695899953396,,,,,,
332,200,,,1681386249,,,,,,,,,,,,,,,,,,,,,,,,,,,,,,,3.0,,4224.0,7.1368408203125,,0.4952717769992887,0.0,0.0001,0.004710558000624587,0.0,131.0
333,201,,,1681386250,9.25,0.0,1.8519999999999754,6913.540096,0.008171522022443969,187629.0,0.21279473264927196,2388.758528,703.0,6179.79904,0.0,0.0,0.0,13.5,140824.0,28.62208853989461,22483.12832,2.654208,2804.0,0.8099999999994907,4724.658176,0.0,455822.0,28.8,9.125,28145.88928,217.0,0.006814534000113781,0.0007477019998987089,0.02489143000002514,,0.1067171340000641,,,0.35223146099997393,,,,,,
334,201,,,1681386250,,,,,,,,,,,,,,,,,,,,,,,,,,,,,,,3.0,,4256.0,7.2781982421875,,0.49595892100023775,0.0,0.0001,0.004556660000162083,0.0,132.0
335,202,,,1681386251,,,,,,,,,,,,,,,,,,,,,,,,,,,,0.006942478999917512,0.0007053449999148143,0.025265547000344668,3.0,0.10651541000061115,4288.0,7.32666015625,0.35109481400013465,0.4949907970003551,0.0,0.0001,0.004467201999432291,0.0,133.0
336,202,,,1681386251,9.25,0.0,1.867999999999995,6912.241664,0.012253771394145558,189003.0,0.24115039169652033,2388.758528,706.0,6179.79904,0.0,0.0,0.0,13.5,141823.0,30.30699909359364,22503.56736,2.654208,2832.0,0.8129999999991924,4724.658176,0.0,457487.0,28.7,9.125,28145.88928,218.0,0.006756212999789568,,,,,,,,,,,,,
337,203,,,1681386252,,,,,,,,,,,,,,,,,,,,,,,,,,,,,0.0006194530005814158,0.02586083900041558,3.0,0.10737351599982503,4320.0,7.385498046875,0.35062981299961393,0.4956213179993938,0.0,0.0001,0.0043814839991682675,0.0,134.0
338,203,,,1681386252,9.25,0.0,1.8879999999999768,6909.792256,0.024485083677757268,190651.0,0.25982722746619674,2388.754432,711.0,6179.794944,0.0,0.0,0.0,13.5,143037.0,45.693956356373334,22506.295296,2.654208,2857.0,0.8179999999993015,4724.658176,0.0,459533.0,28.7,9.25,28145.88928,218.0,0.006687537000289012,0.0007220480001706164,0.024953293999715243,,,,,,,,,,,
339,204,,,1681386253,,,,,,,,,,,,,,,,,,,,,,,,,,,,,,,3.0,0.10671997099962027,4352.0,7.2440185546875,0.35303686699990067,0.49687476199960656,0.0,0.0001,0.004755044999910751,0.0,135.0
340,204,,,1681386253,9.25,0.0,1.8959999999999866,6912.606208,0.008165676651843635,191766.0,0.19449302108228048,2388.758528,713.0,6179.79904,0.0,0.0,0.0,13.5,144035.0,41.295812440029884,22484.066304,2.654208,2875.0,0.819999999999709,4724.658176,0.0,461118.0,28.8,9.25,28145.88928,220.0,0.00680321600066236,0.0006397850002031191,0.02485891099968285,,,,,,,,,,,
341,205,,,1681386254,,,,,,,,,,,,,,,,,,,,,,,,,,,,,,,3.0,0.10722663799970178,4384.0,7.063232421875,0.35294996999982686,0.4967557219997616,0.0,0.0001,0.004277201999684621,0.0,136.0
342,205,,,1681386254,9.25,0.0,1.9119999999999777,6912.442368,0.03677752559303166,192974.0,0.22198205713959157,2388.750336,717.0,6179.790848,0.0,0.0,0.0,13.5,145047.0,33.911089397137566,22484.221952,2.654208,2886.0,0.8239999999996144,4724.658176,0.0,462697.0,28.8,9.25,28145.88928,224.0,0.00670575500043924,0.0006895039996379637,0.026850177000596887,,,,,0.35124512200036406,,,,,,
343,206,,,1681386255,,,,,,,,,,,,,,,,,,,,,,,,,,,,,,,3.0,0.1073426089997156,4416.0,7.1226806640625,,0.49822264700105734,0.0,0.0001,0.0053894800003035925,0.0,137.0
344,206,,,1681386255,9.25,0.0,1.9199999999999875,6914.895872,0.008172542420433113,194181.0,0.22142482119430948,2388.754432,719.0,6179.794944,0.0,0.0,0.0,13.5,146018.0,29.755508658780304,22481.768448,2.654208,2904.0,0.8249999999998181,4724.658176,0.0,464273.0,28.8,9.25,28145.88928,224.0,0.0066915319994222955,0.0007570460002170876,0.023923953999656078,,0.10700439700030984,,,0.3564090669997313,,,,,,
345,207,,,1681386256,,,,,,,,,,,,,,,,,,,,,,,,,,,,,,,3.0,,4448.0,7.2042236328125,,0.4986690819996511,0.0,0.0001,0.0038830860003145062,0.0,138.0
346,207,,,1681386256,9.25,0.0,1.931999999999988,6914.633728,0.008172192537357608,195506.0,0.21807942708914002,2388.750336,721.0,6179.790848,0.0,0.0,0.0,13.5,146969.0,35.22914888274321,22482.026496,2.654208,2923.0,0.8269999999993161,4724.658176,0.0,465916.0,28.8,9.25,28145.88928,226.0,0.006835592000243196,0.0006812920000811573,0.02480335699965508,,0.10784697999952186,,,0.3557921609999539,,,,,,
347,207,,,1681386256,,,,,,,,,,,,,,,,,,,,,,,,,,,,,,,3.0,,4480.0,7.0028076171875,,0.5003088659996138,0.0,0.0001,0.004349484000158554,0.0,139.0
348,208,,,1681386257,9.25,0.0,1.9439999999999884,6914.658304,0.07766017372101927,196678.0,0.24859558075729163,2388.754432,726.0,6179.794944,0.0,0.0,0.0,13.375,147882.0,31.948124549896015,22482.010112,2.654208,2935.0,0.8319999999994252,4724.658176,0.0,467463.0,28.8,9.25,28145.88928,227.0,0.006594954999854963,0.000585644999773649,0.023334948999945482,,0.10747100299977319,,,0.35594561899961263,,,,,,
349,208,,,1681386257,,,,,,,,,,,,,,,,,,,,,,,,,,,,,,,3.0,,4512.0,7.4625244140625,,0.4983332279989554,0.0,0.0001,0.00440105699999549,0.0,140.0
350,209,,,1681386258,,,,,,,,,,,,,,,,,,,,,,,,,,,,0.006932810999387584,0.0007998900000529829,0.024078233999716758,3.0,0.10794119399997726,4544.0,7.28076171875,0.3538179469996976,0.4979576999994606,0.0,0.0001,0.004387624000628421,0.0,141.0
351,209,,,1681386258,9.25,0.0,1.9559999999999889,6925.635584,0.01225721890270755,198135.0,0.4308460323514956,2388.754432,729.0,6179.794944,0.0,0.0,0.0,13.375,149088.0,39.130892042804476,22490.169344,2.654208,2959.0,0.8349999999991269,4724.658176,0.0,469400.0,28.7,9.25,28145.88928,229.0,0.006774425000003248,0.000772289999986242,0.027234393000071577,,,,,,,,,,,
352,210,,,1681386259,,,,,,,,,,,,,,,,,,,,,,,,,,,,,,,3.0,0.10704042899942579,4576.0,7.056640625,0.35360915700039186,0.5006425660003515,0.0,0.0001,0.005211872000472795,0.0,142.0
353,210,,,1681386259,9.25,0.0,1.97199999999998,6924.824576,0.016344458938954618,199417.0,0.20096980712653537,2388.750336,733.0,6179.790848,0.0,0.0,0.0,13.375,150205.0,42.25549410059906,22471.983104,2.654208,2971.0,0.8379999999997381,4724.658176,0.0,471185.0,28.8,9.25,28145.88928,230.0,0.006822530999670562,0.0006710389998261235,0.024884426000426174,,,,,,,,,,,
354,211,,,1681386260,,,,,,,,,,,,,,,,,,,,,,,,,,,,,,,3.0,0.10855218300002889,4608.0,7.2562255859375,0.35367162700003973,0.4990588629998456,0.0,0.0001,0.004457056999854103,0.0,143.0
355,211,,,1681386260,9.25,0.0,1.9799999999999898,6921.007104,0.00817159198445453,200890.0,0.25023106427680264,2388.754432,735.0,6179.794944,0.0,0.0,0.0,13.375,150974.0,17.40188393268837,22494.793728,2.654208,2984.0,0.839999999999236,4724.658176,0.0,472717.0,28.7,9.25,28145.88928,232.0,0.0069737610001539,0.0006506639992949204,0.026128443000743573,,,,,,,,,,,
356,212,,,1681386261,,,,,,,,,,,,,,,,,,,,,,,,,,,,,,,3.0,0.10849815900019166,4640.0,7.0198974609375,0.35611798300033115,0.5033715910012688,0.0,0.0001,0.005002581000553619,0.0,144.0
357,212,,,1681386261,9.25,0.0,1.995999999999981,6928.2816,0.008173067295779452,203026.0,0.3822744708045997,2388.750336,737.0,6179.790848,0.0,0.0,0.0,13.375,152893.0,106.82693009627216,22468.38272,2.654208,3001.0,0.8419999999996435,4724.658176,0.0,475805.0,28.8,9.25,28145.88928,236.0,0.006568505000359437,0.0006780849998904159,0.02432785699966189,,,,,0.35425578099966515,,,,,,
358,213,,,1681386262,,,,,,,,,,,,,,,,,,,,,,,,,,,,,,,3.0,0.10744984899974952,4672.0,7.351318359375,,0.49787681699945097,0.0,0.0001,0.004596740000124555,0.0,145.0
359,213,,,1681386262,9.25,0.0,2.0079999999999814,6928.080896,0.04086115706774872,204517.0,0.22382656467635853,2388.754432,741.0,6179.794944,0.0,0.0,0.0,13.375,153942.0,34.088420285050475,22468.579328,2.654208,3019.0,0.8459999999995489,4724.658176,0.0,477553.0,28.8,9.375,28145.88928,237.0,0.006689303000712243,0.0005903259998376598,0.023017137999886472,,0.1084936609995566,,,0.35629823099952773,,,,,,
360,214,,,1681386263,,,,,,,,,,,,,,,,,,,,,,,,,,,,,,,3.0,,4704.0,7.362060546875,,0.4992672189991936,0.0,0.0001,0.004178559999672871,0.0,146.0
361,214,,,1681386263,9.25,0.0,2.015999999999991,6927.200256,0.00817157449383958,205823.0,0.28288490642965197,2388.750336,743.0,6179.790848,0.0,0.0,0.0,13.375,154898.0,34.03681025676627,22469.464064,2.654208,3031.0,0.8469999999997526,4724.658176,0.0,479177.0,28.8,9.375,28145.88928,237.0,0.0066781289997379645,0.0007691809996686061,0.023896877999504795,,0.10781924699949741,,,0.3542116040007386,,,,,,
362,214,,,1681386263,,,,,,,,,,,,,,,,,,,,,,,,,,,,,,,3.0,,4736.0,7.1329345703125,,0.49745973699918977,0.0,0.0001,0.004084698000042408,0.0,147.0
363,215,,,1681386264,9.25,0.0,2.024000000000001,6926.266368,0.008172822341931976,206963.0,0.19586839174325252,2388.754432,745.0,6179.794944,0.0,0.0,0.0,13.375,155829.0,29.671487390333983,22470.402048,2.654208,3047.0,0.8489999999992506,4724.658176,0.0,480682.0,28.8,9.375,28145.88928,239.0,0.006611873000110791,0.0006914870000400697,0.02395296899976529,,0.10775899200052663,,,0.3559800439998071,,,,,,
364,215,,,1681386264,,,,,,,,,,,,,,,,,,,,,,,,,,,,,,,3.0,,4768.0,7.1231689453125,,0.498994421000134,0.0,0.0001,0.003999055999884149,0.0,148.0
365,216,,,1681386265,,,,,,,,,,,,,,,,,,,,,,,,,,,,0.006742752999343793,0.000684679000187316,0.024105578000671812,3.0,0.10796480600038194,4800.0,7.23291015625,0.3560704669998813,0.499621715000103,0.0,0.0001,0.004053431999636814,0.0,149.0
366,216,,,1681386265,9.25,0.0,2.0360000000000014,6923.53024,0.01224967944983074,208259.0,0.19570776932507153,2388.754432,748.0,6179.794944,0.0,0.0,0.0,13.375,156808.0,31.597226706056667,22492.409856,2.654208,3073.0,0.8519999999998618,4724.658176,0.0,482320.0,28.7,9.375,28145.88928,239.0,0.0068016219993296545,0.0007655979998162366,0.024402295000072627,,,,,,,,,,,
367,217,,,1681386266,,,,,,,,,,,,,,,,,,,,,,,,,,,,,,,3.0,0.10845835200052534,4832.0,7.2320556640625,0.3551101220000419,0.49984517299981235,0.0,0.0001,0.004307184000026609,0.0,150.0
368,217,,,1681386266,9.25,0.0,2.048000000000002,6922.838016,0.008164192371507496,209759.0,0.2336601423867521,2388.750336,750.0,6179.790848,0.0,0.0,0.0,13.375,158099.0,47.696455591386545,22473.822208,2.654208,3085.0,0.8539999999993597,4724.658176,0.0,484308.0,28.8,9.375,28145.88928,241.0,0.006671643999652588,0.0006347489998006495,0.024080049000076542,,,,,,,,,,,
369,218,,,1681386267,,,,,,,,,,,,,,,,,,,,,,,,,,,,,,,3.0,0.1075778980002724,4864.0,7.151611328125,0.35573000099975616,0.49882833900028345,0.0,0.0001,0.004133998000725114,0.0,151.0
370,218,,,1681386267,9.375,0.0,2.0600000000000023,6925.627392,0.036735225825733894,210990.0,0.23205852617008485,2388.750336,754.0,6179.790848,0.0,0.0,0.0,14.249999999999998,159216.0,41.634651047715664,22471.016448,2.654208,3096.0,0.8579999999992651,4724.658176,0.0,486005.0,28.8,9.625,28145.88928,243.0,0.0066830440000558156,0.0007025090008028201,0.02587202199993044,,,,,,,,,,,
371,219,,,1681386268,,,,,,,,,,,,,,,,,,,,,,,,,,,,,,,3.0,0.10701222100033192,4896.0,7.1573486328125,0.3565064900003563,0.5007175360015026,0.0,0.0001,0.00394125000002532,0.0,152.0
372,219,,,1681386268,9.375,0.0,2.0679999999999836,6926.90944,0.008164384424916848,212463.0,0.472912400095389,2388.74624,756.0,6179.786752,0.0,0.0,0.0,14.249999999999998,160312.0,32.28823484143936,22469.7344,2.654208,3116.0,0.8599999999996726,4724.658176,0.0,487775.0,28.8,9.625,28145.88928,246.0,0.006763336999938474,0.0007803309999871999,0.023788589000105276,,,,,0.3573692279996976,,,,,,
373,220,,,1681386269,,,,,,,,,,,,,,,,,,,,,,,,,,,,,,,3.0,0.10619216400027653,4928.0,6.891845703125,,0.49877762500000244,0.0,0.0001,0.0038839759999973467,0.0,153.0
374,220,,,1681386269,9.375,0.0,2.084000000000003,6928.09728,0.10215410750618377,214076.0,0.24537735854918175,2388.750336,761.0,6179.790848,0.0,0.0,0.0,14.249999999999998,161551.0,49.37977921857626,22468.571136,2.654208,3132.0,0.8659999999999854,4724.658176,0.0,489829.0,28.8,9.625,28145.88928,246.0,0.00678794299983565,0.0006609410002056393,0.02795020099983958,,0.10783078700023907,,,0.354530737999994,,,,,,
375,221,,,1681386270,,,,,,,,,,,,,,,,,,,,,,,,,,,,,,,3.0,,4960.0,7.21435546875,,0.5024036039994826,0.0,0.0001,0.0046429939993686276,0.0,154.0
376,221,,,1681386270,9.375,0.0,2.095999999999975,6926.708736,0.008171146968757903,215375.0,0.2548775442398274,2388.74624,763.0,6179.786752,0.0,0.0,0.0,14.249999999999998,162508.0,27.641673551566278,22469.95968,2.654208,3150.0,0.8679999999994834,4724.658176,0.0,491433.0,28.8,9.625,28145.88928,248.0,0.00670296599946596,0.0006315700002232916,0.02482332099953055,,0.10866399800033832,,,0.3604940639997949,,,,,,
377,221,,,1681386270,,,,,,,,,,,,,,,,,,,,,,,,,,,,,,,3.0,,4992.0,7.09765625,,0.5056195199995273,0.0,0.0001,0.00430360100017424,0.0,155.0
378,222,,,1681386271,9.375,0.0,2.1079999999999757,6925.955072,0.06129694032702039,216651.0,0.2448285995428945,2388.750336,768.0,6179.790848,0.0,0.0,0.0,14.249999999999998,163434.0,27.608588881209595,22470.709248,2.654208,3167.0,0.8719999999993888,4724.658176,0.0,493019.0,28.8,9.625,28145.88928,248.0,0.007036082000013266,0.0006739629998264718,0.0318267749998995,,0.10813653099921794,,,0.3485654309997699,,,,,,
379,222,,,1681386271,,,,,,,,,,,,,,,,,,,,,,,,,,,,,,,3.0,,5024.0,7.1119384765625,,0.5015412009988722,0.0,0.0001,0.005302419000145164,0.0,156.0
380,223,,,1681386272,,,,,,,,,,,,,,,,,,,,,,,,,,,,0.006796437000048172,0.0006414359995687846,0.02386143500007165,3.0,0.10839198200028477,5056.0,7.13134765625,0.3605087629994159,0.5041797650001172,0.0,0.0001,0.003979712000727886,0.0,157.0
381,223,,,1681386272,9.375,0.0,2.119999999999976,6924.02176,0.012259606775994799,218144.0,0.2335870129381006,2388.750336,771.0,6179.790848,0.0,0.0,0.0,14.124999999999998,164557.0,27.18606911615845,22491.783168,2.654208,3184.0,0.8739999999997963,4724.658176,0.0,494813.0,28.7,9.625,28145.88928,250.0,0.006857106999632379,0.0005912300002819393,0.024094874000184063,,,,,,,,,,,
382,224,,,1681386273,,,,,,,,,,,,,,,,,,,,,,,,,,,,,,,3.0,0.10870563799926458,5088.0,7.3297119140625,0.3597124919997441,0.5039224649990501,0.0,0.0001,0.003961123999943084,0.0,158.0
383,224,,,1681386273,9.375,0.0,2.1319999999999766,6924.427264,0.008172140058024526,219376.0,0.19732845227862386,2388.74624,773.0,6179.786752,0.0,0.0,0.0,14.124999999999998,165673.0,44.33940634915583,22472.241152,2.654208,3195.0,0.8759999999992942,4724.658176,0.0,496539.0,28.8,9.625,28145.88928,252.0,0.006795565999709652,0.000596599000346032,0.023935115999847767,,,,,,,,,,,
384,225,,,1681386274,,,,,,,,,,,,,,,,,,,,,,,,,,,,,,,3.0,0.10941576000004716,5120.0,7.1944580078125,0.3610205790000691,0.5058520640004645,0.0,0.0001,0.004088444000444724,0.0,159.0
385,225,,,1681386274,9.375,0.0,2.143999999999977,6925.266944,0.008170721431400192,220510.0,0.2212238785676173,2388.750336,775.0,6179.790848,0.0,0.0,0.0,14.124999999999998,166661.0,38.588466136034484,22471.258112,2.654208,3208.0,0.876999999999498,4724.658176,0.0,498124.0,28.8,9.625,28145.88928,254.0,0.0067764180002996,0.0007518560005337349,0.024335353999958897,,,,,,,,,,,
386,226,,,1681386275,,,,,,,,,,,,,,,,,,,,,,,,,,,,,,,3.0,0.10817974200017488,5152.0,7.4056396484375,0.35804548200030695,0.5021385540012488,0.0,0.0001,0.004049701999974786,0.0,160.0
387,226,,,1681386275,9.375,0.0,2.151999999999987,6922.91584,0.00817171442085571,221610.0,0.20320755465921703,2388.74624,777.0,6179.786752,0.0,0.0,0.0,14.124999999999998,167302.0,5.247812754861706,22473.74848,2.654208,3226.0,0.8789999999999054,4724.658176,0.0,499343.0,28.8,9.625,28145.88928,254.0,0.006762319999324973,0.0006853119994048029,0.023891052000180935,,,,,0.3609210089998669,,,,,,
388,227,,,1681386276,,,,,,,,,,,,,,,,,,,,,,,,,,,,,,,3.0,0.1085158739997496,5184.0,7.145751953125,,0.5049340579980708,0.0,0.0001,0.004158490999543574,0.0,161.0
389,227,,,1681386276,9.375,0.0,2.171999999999997,6926.45888,0.03677474397502636,223021.0,0.23020127822212028,2388.750336,781.0,6179.790848,0.0,0.0,0.0,14.124999999999998,168600.0,58.17391003688664,22470.201344,2.654208,3245.0,0.8819999999996071,4724.658176,0.0,501307.0,28.8,9.625,28145.88928,255.0,0.006696531000670802,0.0007725679997747648,0.024368857999434113,,0.10817373800000496,,,0.35930410400032997,,,,,,
390,228,,,1681386277,,,,,,,,,,,,,,,,,,,,,,,,,,,,,,,3.0,,5216.0,7.4371337890625,,0.503402078000363,0.0,0.0001,0.004086279000148352,0.0,162.0
391,228,,,1681386277,9.375,0.0,2.1799999999999784,6926.209024,0.008176081774004987,224108.0,0.19910835076743186,2388.74624,783.0,6179.786752,0.0,0.0,0.0,14.000000000000002,169570.0,29.102818961659843,22470.4512,2.654208,3256.0,0.8839999999991051,4724.658176,0.0,502855.0,28.8,9.75,28145.88928,256.0,0.007025500000054308,0.0006506889994852827,0.02439512100045249,,0.10862018999978318,,,0.35876241400001163,,,,,,
392,228,,,1681386277,,,,,,,,,,,,,,,,,,,,,,,,,,,,,,,3.0,,5248.0,7.0582275390625,,0.5037874609997743,0.0,0.0001,0.004333546999987448,0.0,163.0
393,229,,,1681386278,9.375,0.0,2.191999999999979,6926.266368,0.00817337058782176,225339.0,0.4840646802579276,2388.750336,785.0,6179.790848,0.0,0.0,0.0,14.000000000000002,170550.0,32.0177026390046,22470.38976,2.654208,3269.0,0.8859999999995125,4724.658176,0.0,504458.0,28.8,9.75,28145.88928,258.0,0.006790056999307126,0.0006189879995872616,0.024516139999832376,,0.10788843400041515,,,0.3639305749993582,,,,,,
394,229,,,1681386278,,,,,,,,,,,,,,,,,,,,,,,,,,,,,,,3.0,,5280.0,6.971923828125,,0.5080951419986377,0.0,0.0001,0.004350948000137578,0.0,164.0
395,230,,,1681386279,,,,,,,,,,,,,,,,,,,,,,,,,,,,0.0067255499998282176,0.000671210999826144,0.024117214999932912,3.0,0.10892798999975639,5312.0,7.07470703125,0.3610934059997817,0.5056372559984084,0.0,0.0001,0.004101883999283018,0.0,165.0
396,230,,,1681386279,9.375,0.0,2.2039999999999793,6925.959168,0.012260344606310132,226545.0,0.19766612883963838,2388.750336,788.0,6179.790848,0.0,0.0,0.0,14.000000000000002,171545.0,28.710821626205636,22489.837568,2.654208,3289.0,0.8889999999992142,4724.658176,0.0,506052.0,28.7,9.75,28145.88928,260.0,,,,,,,,,,,,,,
397,231,,,1681386280,,,,,,,,,,,,,,,,,,,,,,,,,,,,0.007598099000460934,0.0007663810001758975,0.02487981200010836,3.0,0.1082424460000766,5344.0,7.4718017578125,0.36113058599949,0.5065574469999774,0.0,0.0001,0.003940122999665618,0.0,166.0
398,231,,,1681386280,9.375,0.0,2.211999999999989,6923.767808,0.008169689833034314,227861.0,0.2482021979192815,2388.742144,790.0,6179.782656,0.0,0.0,0.0,14.000000000000002,172565.0,28.007954577934623,22492.172288,2.654208,3313.0,0.8909999999996217,4724.658176,0.0,507756.0,28.7,9.75,28145.88928,261.0,0.006687774999591056,0.000719624000339536,0.02411353599927679,,,,,,,,,,,
399,232,,,1681386281,,,,,,,,,,,,,,,,,,,,,,,,,,,,,,,3.0,0.10785587899954407,5376.0,7.0211181640625,0.35941152199939097,0.5031139359980443,0.0,0.0001,0.004325599999901897,0.0,167.0
400,232,,,1681386281,9.375,0.0,2.22799999999998,6924.931072,0.03677087840840802,229223.0,0.23163738247094562,2388.74624,794.0,6179.786752,0.0,0.0,0.0,14.000000000000002,173720.0,51.96359512302459,22471.876608,2.654208,3325.0,0.8949999999995271,4724.658176,0.0,509651.0,28.8,9.75,28145.88928,262.0,0.0067532980001487886,0.0006991570007812697,0.02453904699996201,,,,,,,,,,,
401,233,,,1681386282,,,,,,,,,,,,,,,,,,,,,,,,,,,,,,,3.0,0.10873897599958582,5408.0,7.159423828125,0.36380779200044344,0.5085635620007452,0.0,0.0001,0.004025291999823821,0.0,168.0
402,233,,,1681386282,9.5,0.0,2.23599999999999,6926.946304,0.00817129853708479,230591.0,0.23534776153587314,2388.742144,796.0,6179.782656,0.0,0.0,0.0,15.875,174892.0,44.82483116706722,22469.71392,2.654208,3342.0,0.8969999999999345,4724.658176,0.0,511491.0,28.8,10.125,28145.88928,265.0,0.006714559000101872,0.0007275929992829333,0.023704977000306826,,,,,,,,,,,
403,234,,,1681386283,,,,,,,,,,,,,,,,,,,,,,,,,,,,,,,3.0,0.1097568120003416,5440.0,7.197998046875,0.3617447249998804,0.5067240339994896,0.0,0.0001,0.004075367999575974,0.0,169.0
404,234,,,1681386283,9.5,0.0,2.2439999999999998,6927.60576,0.008172466610677408,231727.0,0.220544865530313,2388.74624,798.0,6179.786752,0.0,0.0,0.0,15.875,175786.0,27.342152257167925,22469.206016,2.654208,3359.0,0.8989999999994325,4724.658176,0.0,512954.0,28.8,10.125,28145.88928,267.0,0.006694149999930232,0.0006087140000090585,0.023985971000001882,,,,,0.36126261100071133,,,,,,
405,235,,,1681386284,,,,,,,,,,,,,,,,,,,,,,,,,,,,,,,3.0,0.10902180899938685,5472.0,7.0008544921875,,0.5056577459999971,0.0,0.0001,0.004084490999957779,0.0,170.0
406,235,,,1681386284,9.5,0.0,2.2560000000000002,6926.565376,0.07355249689115562,232933.0,0.22951635260864323,2388.742144,803.0,6179.782656,0.0,0.0,0.0,15.875,176653.0,25.70955061762056,22470.242304,2.654208,3370.0,0.9039999999995416,4724.658176,0.0,514432.0,28.8,10.125,28145.88928,268.0,0.006857192999632389,0.0007180490001701401,0.025621703999604506,,0.108554252000431,,,0.35871636799947737,,,,,,
407,236,,,1681386285,,,,,,,,,,,,,,,,,,,,,,,,,,,,,,,3.0,,5504.0,7.1580810546875,,0.5046812689988656,0.0,0.0001,0.004213702999550151,0.0,171.0
408,236,,,1681386285,9.5,0.0,2.2680000000000007,6927.101952,0.02860263307236164,234036.0,0.21070499954036148,2388.74624,809.0,6179.786752,0.0,0.0,0.0,15.875,177579.0,28.646470757107185,22469.566464,2.654208,3387.0,0.9089999999996508,4724.658176,0.0,515922.0,28.8,10.125,28145.88928,269.0,0.006640784000410349,0.0006432399995901505,0.024307984999722976,,0.10960600799990061,,,0.3625378039996576,,,,,,
409,236,,,1681386285,,,,,,,,,,,,,,,,,,,,,,,,,,,,,,,3.0,,5536.0,7.5389404296875,,0.5076766179990955,0.0,0.0001,0.003940796999813756,0.0,172.0
410,237,,,1681386286,9.5,0.0,2.280000000000001,6925.357056,0.008172276120575464,235030.0,0.21112245356901116,2388.742144,811.0,6179.782656,0.0,0.0,0.0,15.875,178378.0,25.38095078906189,22471.31136,2.654208,3401.0,0.9109999999991487,4724.658176,0.0,517243.0,28.8,10.125,28145.88928,271.0,0.007039377000182867,0.0006924189992787433,0.026174468999670353,,0.10798744800013083,,,0.3601971299995057,,,,,,
411,237,,,1681386286,,,,,,,,,,,,,,,,,,,,,,,,,,,,,,,3.0,,5568.0,7.1353759765625,,0.5061937449991092,0.0,0.0001,0.004102902000340691,0.0,173.0
412,238,,,1681386287,,,,,,,,,,,,,,,,,,,,,,,,,,,,0.00674217200048588,0.0006597259998670779,0.024004552999940643,3.0,0.10929619200032903,5600.0,7.0355224609375,0.3635074049998366,0.5082693450012812,0.0,0.0001,0.004059297000821971,0.0,174.0
413,238,,,1681386287,9.625,0.0,2.2959999999999923,6926.852096,0.012261715521738378,236373.0,0.21974494999979183,2388.742144,814.0,6179.782656,0.0,0.0,0.0,15.625,179322.0,28.142624865848827,22489.083904,2.654208,3428.0,0.9139999999997599,4724.658176,0.0,518852.0,28.7,10.25,28145.88928,272.0,0.006886413999382057,0.0007164740000007441,0.023854691000451567,,,,,,,,,,,
414,239,,,1681386288,,,,,,,,,,,,,,,,,,,,,,,,,,,,,,,3.0,0.10879092199957086,5632.0,7.1826171875,0.3631845809995866,0.507609500999024,0.0,0.0001,0.004176419000032183,0.0,175.0
415,239,,,1681386288,9.625,0.0,2.304000000000002,6923.22304,0.008172975923743065,237653.0,0.4356659089344597,2388.74624,816.0,6179.786752,0.0,0.0,0.0,15.625,180471.0,43.94008152523004,22482.415616,2.654208,3438.0,0.9159999999992579,4724.658176,0.0,520632.0,28.8,10.25,28145.88928,275.0,0.006868221999866364,0.0006859169998278958,0.0252232519997051,,,,,,,,,,,
416,240,,,1681386289,,,,,,,,,,,,,,,,,,,,,,,,,,,,,,,3.0,0.10817982299977302,5664.0,7.27490234375,0.3618737669994516,0.5070026899984441,0.0,0.0001,0.004171708999820112,0.0,176.0
417,240,,,1681386289,9.625,0.0,2.319999999999993,6925.312,0.03676998646551099,238886.0,0.22524808549900893,2388.742144,820.0,6179.782656,0.0,0.0,0.0,15.625,181491.0,43.6585896811057,22471.20896,2.654208,3451.0,0.918999999999869,4724.658176,0.0,522282.0,28.8,10.25,28145.88928,275.0,0.006725126000674209,0.0006318519999695127,0.02436355600002571,,,,,,,,,,,
418,241,,,1681386290,,,,,,,,,,,,,,,,,,,,,,,,,,,,,,,3.0,0.10869508900032088,5696.0,7.2227783203125,0.3613666569999623,0.5059812450017489,0.0,0.0001,0.004198965000796306,0.0,177.0
419,241,,,1681386290,9.625,0.0,2.328000000000003,6927.097856,0.008171057582804581,240252.0,0.2362584696131522,2388.74624,822.0,6179.786752,0.0,0.0,0.0,15.625,182575.0,36.00529444026797,22469.562368,2.654208,3461.0,0.920999999999367,4724.658176,0.0,524030.0,28.8,10.25,28145.88928,275.0,0.006708709000122326,0.0006401870004992816,0.03156719900016469,,,,,,,,,,,
420,242,,,1681386291,,,,,,,,,,,,,,,,,,,,,,,,,,,,,,,3.0,0.10942794599941408,5728.0,7.30419921875,0.35257840500071325,0.5059947720010314,0.0,0.0001,0.005072326000117755,0.0,178.0
421,242,,,1681386291,9.625,0.0,2.3359999999999843,6926.577664,0.00817061262531029,241361.0,0.22496313702590734,2388.742144,824.0,6179.782656,0.0,0.0,0.0,15.625,183497.0,29.029971217551864,22470.08256,2.654208,3480.0,0.9219999999995707,4724.658176,0.0,525499.0,28.8,10.25,28145.88928,275.0,0.006901411000399094,0.0007098740006767912,0.026497130000279867,,,,,0.36304070400001365,,,,,,
422,243,,,1681386292,,,,,,,,,,,,,,,,,,,,,,,,,,,,,,,3.0,0.10817382000004727,5760.0,7.4197998046875,,0.5098525130015332,0.0,0.0001,0.004529574000116554,0.0,179.0
423,243,,,1681386292,9.625,0.0,2.343999999999994,6925.238272,0.00817281262561757,242734.0,0.2569407781660967,2388.74624,826.0,6179.786752,0.0,0.0,0.0,15.375,184459.0,30.160256532037938,22471.446528,2.654208,3510.0,0.9239999999999782,4724.658176,0.0,527147.0,28.8,10.25,28145.893376,275.0,0.0067356969993852545,0.0007007149997662054,0.02350467100040987,,0.10856095999952231,,,0.36398374199961836,,,,,,
424,244,,,1681386293,,,,,,,,,,,,,,,,,,,,,,,,,,,,,,,3.0,,5792.0,6.990966796875,,0.5077438179987439,0.0,0.0001,0.004258033000041905,0.0,180.0
425,244,,,1681386293,9.625,0.0,2.3519999999999754,6927.38048,0.008171158624310748,244106.0,0.24302813194471468,2388.738048,828.0,6179.77856,0.0,0.0,0.0,15.375,185526.0,29.562988583392023,22469.287936,2.654208,3530.0,0.9259999999994761,4724.662272,0.0,528828.0,28.8,10.25,28145.88928,275.0,0.006733684000209905,0.000695746000019426,0.027129427000545547,,0.10957319000044663,,,0.36007109000001947,,,,,,
426,244,,,1681386293,,,,,,,,,,,,,,,,,,,,,,,,,,,,,,,3.0,,5824.0,7.28759765625,,0.5109686070018142,0.0,0.0001,0.006765470000573259,0.0,181.0
427,245,,,1681386294,9.625,0.0,2.367999999999995,6926.5408,0.03268879348463245,245369.0,0.22161501617608056,2388.742144,832.0,6179.782656,0.0,0.0,0.0,15.375,186442.0,28.577603095424127,22470.12352,2.654208,3541.0,0.9289999999991778,4724.662272,0.0,530357.0,28.8,10.25,28145.88928,279.0,0.0067306820001249434,0.0006774570001653046,0.024256509999759146,,0.10827900700041937,,,0.36142761600058293,,,,,,
428,245,,,1681386294,,,,,,,,,,,,,,,,,,,,,,,,,,,,,,,3.0,,5856.0,7.062255859375,,0.5058508910005912,0.0,0.0001,0.004479618999539525,0.0,182.0
429,246,,,1681386295,,,,,,,,,,,,,,,,,,,,,,,,,,,,0.006710235000355169,0.0005715219995181542,0.023244748000252002,3.0,0.10875367900007404,5888.0,7.247314453125,0.3624844440000743,0.5060403360002965,0.0,0.0001,0.00427570800002286,0.0,183.0
430,246,,,1681386295,9.625,0.0,2.383999999999986,6923.902976,0.024515580546151126,246635.0,0.21841371225550973,2388.742144,837.0,6179.782656,0.0,0.0,0.0,15.375,187411.0,27.19997277351672,22491.897856,2.654208,3563.0,0.9329999999999927,4724.662272,0.0,531923.0,28.7,10.25,28145.88928,281.0,0.006609046999983548,0.0005908530001761392,0.023625372999958927,,,,,,,,,,,
431,247,,,1681386296,,,,,,,,,,,,,,,,,,,,,,,,,,,,,,,3.0,0.10859325199999148,5920.0,7.0439453125,0.3607887710004434,0.5047204370011968,0.0,0.0001,0.0045131410006433725,0.0,184.0
432,247,,,1681386296,9.625,0.0,2.3959999999999866,6924.906496,0.008173036190175996,247971.0,0.19146773937355413,2388.738048,839.0,6179.77856,0.0,0.0,0.0,15.375,188587.0,39.79045063076505,22471.901184,2.654208,3580.0,0.9349999999994907,4724.662272,0.0,533730.0,28.8,10.25,28145.88928,282.0,0.006723305999912554,0.0006513850003102561,0.023881101999904786,,,,,,,,,,,
433,248,,,1681386297,,,,,,,,,,,,,,,,,,,,,,,,,,,,,,,3.0,0.10905010900023626,5952.0,7.0986328125,0.36202438100008294,0.5066832760003308,0.0,0.0001,0.004352992999884009,0.0,185.0
434,248,,,1681386297,9.625,0.0,2.407999999999987,6920.822784,0.08171718306696983,249201.0,0.24007614604670682,2388.742144,845.0,6179.782656,0.0,0.0,0.0,15.125,189421.0,16.89936882437467,22475.841536,2.654208,3591.0,0.9399999999995998,4724.662272,0.0,535185.0,28.8,10.25,28145.88928,284.0,0.006816709999839077,0.0007588749995193211,0.02368732099967019,,,,,,,,,,,
435,249,,,1681386298,,,,,,,,,,,,,,,,,,,,,,,,,,,,,,,3.0,0.11029048999989755,5984.0,7.05810546875,0.3633436790005362,0.5095047519998843,0.0,0.0001,0.0046076770004219725,0.0,186.0
436,249,,,1681386298,9.625,0.0,2.415999999999997,6926.032896,0.00816743132508168,250680.0,0.48706285296491375,2388.738048,847.0,6179.77856,0.0,0.0,0.0,15.125,190831.0,58.29496134040285,22470.63552,2.654208,3612.0,0.9419999999990978,4724.662272,0.0,537282.0,28.8,10.25,28145.88928,286.0,0.0067252480002935044,0.0007054329998936737,0.023432261000380095,,,,,0.3580983740002921,,,,,,
437,250,,,1681386299,,,,,,,,,,,,,,,,,,,,,,,,,,,,,,,3.0,0.10867794200021308,6016.0,7.170654296875,,0.5021995780007273,0.0,0.0001,0.004560319999654894,0.0,187.0
438,250,,,1681386299,9.625,0.0,2.423999999999978,6926.860288,0.00816717118573509,251972.0,0.22013876160058446,2388.742144,849.0,6179.782656,0.0,0.0,0.0,15.125,191858.0,30.564896413293692,22469.808128,2.654208,3629.0,0.9429999999993015,4724.662272,0.0,538934.0,28.8,10.25,28145.88928,288.0,0.007032826999420649,0.0006755360000170185,0.031055468999511504,,0.10831639500065648,,,0.35805954999977985,,,,,,
439,251,,,1681386300,,,,,,,,,,,,,,,,,,,,,,,,,,,,,,,3.0,,6048.0,7.27001953125,,0.5107502259988905,0.0,0.0001,0.005610448999505024,0.0,188.0
440,251,,,1681386300,9.625,0.0,2.4359999999999786,6927.110144,0.0694406629517825,253285.0,0.24931304196691237,2388.738048,853.0,6179.77856,0.0,0.0,0.0,15.125,192860.0,30.35110645450424,22469.558272,2.654208,3645.0,0.9479999999994106,4724.662272,0.0,540578.0,28.8,10.25,28145.88928,289.0,0.006807310999647598,0.0006210799992913962,0.024556667999604542,,0.10833257099966431,,,0.3607409060005011,,,,,,
441,252,,,1681386301,,,,,,,,,,,,,,,,,,,,,,,,,,,,,,,3.0,,6080.0,7.08447265625,,0.5050876259983852,0.0,0.0001,0.004029089999676216,0.0,189.0
442,252,,,1681386301,9.625,0.0,2.4439999999999884,6927.757312,0.008171331576373337,254475.0,0.24010468336523474,2388.742144,855.0,6179.782656,0.0,0.0,0.0,15.125,193815.0,31.11619922379107,22468.911104,2.654208,3656.0,0.9489999999996144,4724.662272,0.0,542166.0,28.8,10.25,28145.88928,290.0,0.006857988999399822,0.0007668929993087659,0.024937621999924886,,0.10820572400007222,,,0.3613129839995963,,,,,,
443,252,,,1681386301,,,,,,,,,,,,,,,,,,,,,,,,,,,,,,,3.0,,6112.0,7.0372314453125,,0.5069813849986531,0.0,0.0001,0.00490017300035106,0.0,190.0
444,253,,,1681386302,9.625,0.0,2.4599999999999795,6928.441344,0.040851499112459014,255618.0,0.22276035229852514,2388.738048,859.0,6179.77856,0.0,0.0,0.0,14.875,194765.0,30.81613686528718,22468.079616,2.654208,3665.0,0.9529999999995198,4724.662272,0.0,543719.0,28.8,10.375,28145.88928,291.0,0.006901368999933766,0.0008815759993012762,0.024177739000151632,,0.10895103799975914,,,0.35926024399941525,,,,,,
445,253,,,1681386302,,,,,,,,,,,,,,,,,,,,,,,,,,,,,,,3.0,,6144.0,7.294677734375,,0.5047044719985934,0.0,0.0001,0.004532506000032299,0.0,191.0
446,254,,,1681386303,,,,,,,,,,,,,,,,,,,,,,,,,,,,0.006798301000344509,0.0006917119999343413,0.02528174799954286,3.0,0.10946708400024363,6176.0,7.4058837890625,0.36147390000041923,0.5083169030003774,0.0,0.0001,0.004604157999892777,0.0,192.0
447,254,,,1681386303,9.625,0.0,2.475999999999999,6923.354112,0.012257889395894575,257501.0,0.24204543313687857,2388.738048,862.0,6179.77856,0.0,0.0,0.0,14.875,195942.0,35.56894749053083,22492.594176,2.654208,3703.0,0.9549999999999272,4724.662272,0.0,545824.0,28.7,10.375,28145.88928,292.0,0.00712781200036261,0.0006273709996094112,0.0255295599999954,,,,,,,,,,,
448,255,,,1681386304,,,,,,,,,,,,,,,,,,,,,,,,,,,,,,,3.0,0.10864986300020973,6208.0,7.348876953125,0.3618946059996233,0.5085218160002114,0.0,0.0001,0.004692604000410938,0.0,193.0
449,255,,,1681386304,9.625,0.0,2.4879999999999995,6925.328384,0.008172571578405964,258706.0,0.20155285411454338,2388.742144,864.0,6179.782656,0.0,0.0,0.0,14.875,197200.0,58.19013823390236,22490.615808,2.654208,3714.0,0.9569999999994252,4724.662272,0.0,547717.0,28.7,10.375,28145.88928,293.0,0.006844540999736637,0.0007008930006122682,0.024959343999398698,,,,,,,,,,,
450,256,,,1681386305,,,,,,,,,,,,,,,,,,,,,,,,,,,,,,,3.0,0.11000504500043462,6240.0,7.254638671875,0.3576149919999807,0.5047373659999721,0.0,0.0001,0.004612550999809173,0.0,194.0
451,256,,,1681386305,9.625,0.0,2.495999999999981,6928.326656,0.008171982624069275,259957.0,0.22816111651097923,2388.738048,866.0,6179.77856,0.0,0.0,0.0,14.875,198338.0,48.32612854495111,22468.202496,2.654208,3724.0,0.9589999999998327,4724.662272,0.0,549468.0,28.8,10.375,28145.88928,294.0,0.006512928999654832,0.0006820549997428316,0.025241863000701414,,,,,,,,,,,
452,257,,,1681386306,,,,,,,,,,,,,,,,,,,,,,,,,,,,,,,3.0,0.10862487599933957,6272.0,7.293701171875,0.3620111479995103,0.5074112079992119,0.0,0.0001,0.004338337000262982,0.0,195.0
453,257,,,1681386306,9.625,0.0,2.5079999999999814,6928.560128,0.00817209535756822,261388.0,0.21427808623707528,2388.754432,868.0,6179.803136,0.0,0.0,0.0,14.875,199429.0,45.497749849336714,22468.108288,2.654208,3740.0,0.9609999999993306,4724.662272,0.0,551299.0,28.8,10.375,28145.88928,294.0,0.00686828699963371,0.0007603840003866935,0.02460005899956741,,,,,0.362511024000014,,,,,,
454,258,,,1681386307,,,,,,,,,,,,,,,,,,,,,,,,,,,,,,,3.0,0.10907456800032378,6304.0,7.1451416015625,,0.5084853079997629,0.0,0.0001,0.004670985999837285,0.0,196.0
455,258,,,1681386307,9.625,0.0,2.515999999999991,6927.253504,0.008171067298574341,262482.0,0.18916339975829874,2388.750336,870.0,6179.79904,0.0,0.0,0.0,14.75,200237.0,14.044867750612122,22469.554176,2.654208,3753.0,0.9629999999997381,4724.662272,0.0,552671.0,28.8,10.375,28145.88928,295.0,0.006772486000045319,0.0008552560002499376,0.025909135999427235,,0.10969625100005942,,,0.361887387999559,,,,,,
456,259,,,1681386308,,,,,,,,,,,,,,,,,,,,,,,,,,,,,,,3.0,,6336.0,7.09326171875,,0.5100314469991645,0.0,0.0001,0.004910929999823566,0.0,197.0
457,259,,,1681386308,9.625,0.0,2.5279999999999916,6928.789504,0.036776388400601365,263886.0,0.4901124157741161,2388.754432,874.0,6179.803136,0.0,0.0,0.0,14.75,201467.0,45.31207003237126,22468.022272,2.654208,3768.0,0.9659999999994398,4724.662272,0.0,554572.0,28.8,10.375,28145.88928,295.0,0.0072497780001867795,0.0007872559999668738,0.024598404000244045,,0.10986297500039655,,,0.3589847049997843,,,,,,
458,260,,,1681386309,,,,,,,,,,,,,,,,,,,,,,,,,,,,,,,3.0,,6368.0,7.148193359375,,0.5059969410012854,0.0,0.0001,0.004513823000706907,0.0,198.0
459,260,,,1681386309,9.625,0.0,2.5360000000000014,6929.764352,0.008172371364516401,265839.0,0.29248949031126564,2390.802432,876.0,6181.851136,0.0,0.0,0.0,14.75,202648.0,26.06616154344241,22466.899968,2.654208,3805.0,0.9679999999998472,4724.662272,0.0,556703.0,28.8,10.375,28145.897472,295.0,0.006812163000176952,0.0008174229997166549,0.02488186900063738,,0.11607928500052367,,,0.3637946839999131,,,,,,
460,260,,,1681386309,,,,,,,,,,,,,,,,,,,,,,,,,,,,,,,3.0,,6400.0,7.0291748046875,,0.5172038630007592,0.0,0.0001,0.004818438999791397,0.0,199.0
461,261,,,1681386310,,,,,,,,,,,,,,,,,,,,,,,,,,,,0.006776217000151519,0.000628749000497919,0.024298420999912196,3.0,0.10815687400008756,6432.0,7.29736328125,0.3613194800000201,0.505193393000809,0.0,0.0001,0.0040136520001397,0.0,200.0
462,261,,,1681386310,9.625,0.0,2.555999999999983,6928.920576,0.012248686724486417,267494.0,0.29082656571963267,2389.016576,879.0,6180.06528,0.0,0.0,0.0,14.75,203712.0,25.422260942287185,22486.884352,2.654208,3830.0,0.9699999999993452,4724.662272,0.0,558500.0,28.7,10.375,28145.897472,297.0,0.0068389480002224445,,,,,,,,,,,,,
463,262,,,1681386311,,,,,,,,,,,,,,,,,,,,,,,,,,,,,0.0008101049998003873,0.02667038700019475,3.0,0.10941434500000469,6464.0,7.0230712890625,0.3564528530005191,0.5042340120007793,0.0,0.0001,0.004047374000037962,0.0,201.0
464,262,,,1681386311,9.625,0.0,2.5679999999999836,6926.839808,0.07764886765666426,269059.0,0.27669592899456447,2389.020672,884.0,6180.069376,0.0,0.0,0.0,14.75,204940.0,41.50671211129738,22488.956928,2.654208,3863.0,0.9749999999994543,4724.662272,0.0,560524.0,28.7,10.375,28145.897472,298.0,0.006750242000634898,0.0007896329998402507,0.026826674999938405,,,,,,,,,,,
465,263,,,1681386312,,,,,,,,,,,,,,,,,,,,,,,,,,,,,,,3.0,0.10910948099990492,6496.0,7.1239013671875,0.3631232289999389,0.5110716550007055,0.0,0.0001,0.004472395000448159,0.0,202.0
466,263,,,1681386312,9.625,0.0,2.5759999999999934,6928.728064,0.008172690156305729,270369.0,0.2732823081865655,2389.016576,886.0,6180.06528,0.0,0.0,0.0,14.499999999999998,206214.0,47.75970081192504,22468.071424,2.654208,3880.0,0.975999999999658,4724.662272,0.0,562423.0,28.8,10.375,28145.897472,300.0,0.006795581999540445,0.0007145709996621008,0.0234985510005572,,,,,,,,,,,
467,264,,,1681386313,,,,,,,,,,,,,,,,,,,,,,,,,,,,,,,3.0,0.10847530699993513,6528.0,7.1888427734375,0.36158028099998774,0.5052468060002866,0.0,0.0001,0.004182514000603987,0.0,203.0
468,264,,,1681386313,9.625,0.0,2.587999999999994,6928.478208,0.008172225583875651,271680.0,0.20919780196135018,2389.020672,888.0,6180.069376,0.0,0.0,0.0,14.499999999999998,207295.0,35.83172161914692,22468.046848,2.654208,3892.0,0.9789999999993597,4724.662272,0.0,564160.0,28.8,10.375,28145.897472,302.0,0.006716064999636728,0.000906184000086796,0.023819021000235807,,,,,,,,,,,
469,265,,,1681386314,,,,,,,,,,,,,,,,,,,,,,,,,,,,,,,3.0,0.10842185699948459,6560.0,7.3226318359375,0.36066897100045026,0.504941578999933,0.0,0.0001,0.004409481000038795,0.0,204.0
470,265,,,1681386314,9.625,0.0,2.595999999999975,6929.113088,0.008175424230072833,272801.0,0.19864524447270396,2389.016576,890.0,6180.06528,0.0,0.0,0.0,14.499999999999998,208239.0,36.79741681072865,22467.694592,2.654208,3905.0,0.9799999999995634,4724.666368,0.0,565674.0,28.8,10.375,28145.897472,304.0,0.006756284999937634,0.0008874699997249991,0.024970207000478695,,,,,0.3634857610004474,,,,,,
471,266,,,1681386315,,,,,,,,,,,,,,,,,,,,,,,,,,,,,,,3.0,0.10985168899969722,6592.0,7.2591552734375,,0.510364206000304,0.0,0.0001,0.004412794000018039,0.0,205.0
472,266,,,1681386315,9.625,0.0,2.6079999999999757,6927.679488,0.008171459834995835,273841.0,0.17509587077100025,2389.020672,892.0,6180.069376,0.0,0.0,0.0,14.499999999999998,209160.0,29.586270557379322,22468.980736,2.654208,3927.0,0.9819999999999709,4724.666368,0.0,567137.0,28.8,10.375,28145.897472,305.0,0.006902866000018548,0.0006866319999971893,0.023791512000570947,,0.10830161899957602,,,0.36277504099962243,,,,,,
473,267,,,1681386316,,,,,,,,,,,,,,,,,,,,,,,,,,,,,,,3.0,,6624.0,7.131591796875,,0.5065276670002277,0.0,0.0001,0.004069997000442527,0.0,206.0
474,267,,,1681386316,9.625,0.0,2.6239999999999952,6927.183872,0.07354224652047404,275095.0,0.21665277703702251,2389.016576,902.0,6180.06528,0.0,0.0,0.0,14.499999999999998,210127.0,28.713555117989877,22469.476352,2.654208,3941.0,0.988999999999578,4724.666368,0.0,568703.0,28.8,10.375,28145.897472,307.0,0.00666544000068825,0.0006595009999728063,0.024878637999790953,,0.11006314299993392,,,0.36165690399957384,,,,,,
475,268,,,1681386317,,,,,,,,,,,,,,,,,,,,,,,,,,,,,,,3.0,,6656.0,7.3397216796875,,0.5081568260002314,0.0,0.0001,0.004233200000271609,0.0,207.0
476,268,,,1681386317,9.625,0.0,2.6319999999999766,6929.563648,0.008172048710348313,276179.0,0.24106745640359387,2389.020672,904.0,6180.069376,0.0,0.0,0.0,14.374999999999998,210977.0,30.519337897700215,22467.096576,2.654208,3952.0,0.9909999999999854,4724.666368,0.0,570131.0,28.8,10.5,28145.901568,307.0,0.006701133999740705,0.000599990000409889,0.023407595000207948,,0.10983781699997053,,,0.3604219019998709,,,,,,
477,268,,,1681386317,,,,,,,,,,,,,,,,,,,,,,,,,,,,,,,3.0,,6688.0,7.0758056640625,,0.5049107060003735,0.0,0.0001,0.003942268000173499,0.0,208.0
478,269,,,1681386318,,,,,,,,,,,,,,,,,,,,,,,,,,,,0.006816834999881394,0.0005810619995827437,0.025683222000225214,3.0,0.10879883699999482,6720.0,7.106689453125,0.3615588270004082,0.5074021430000357,0.0,0.0001,0.00396335999994335,0.0,209.0
479,269,,,1681386318,9.625,0.0,2.643999999999977,6931.099648,0.012258335460253365,277582.0,0.45033421435734616,2389.020672,907.0,6180.069376,0.0,0.0,0.0,14.374999999999998,211950.0,23.004242915040404,22484.840448,2.654208,3977.0,0.9939999999996871,4724.666368,0.0,571808.0,28.7,10.5,28145.901568,311.0,0.006802656000218121,0.0007789139999658801,0.0242338429998199,,,,,,,,,,,
480,270,,,1681386319,,,,,,,,,,,,,,,,,,,,,,,,,,,,,,,3.0,0.10941450599966629,6752.0,7.2999267578125,0.3614605489992755,0.5067937499989057,0.0,0.0001,0.004103281999960018,0.0,210.0
481,270,,,1681386319,9.625,0.0,2.651999999999987,6928.605184,0.008174755126044441,278951.0,0.22519694084107333,2389.016576,909.0,6180.06528,0.0,0.0,0.0,14.374999999999998,213015.0,43.13991515883497,22468.050944,2.654208,3989.0,0.9959999999991851,4724.666368,0.0,573609.0,28.8,10.5,28145.901568,313.0,0.006767910999769811,0.0006720060000589001,0.023268115000064427,,,,,,,,,,,
482,271,,,1681386320,,,,,,,,,,,,,,,,,,,,,,,,,,,,,,,3.0,0.10930784499942092,6784.0,7.5234375,0.3643459200002326,0.508337778999703,0.0,0.0001,0.003975982000156364,0.0,211.0
483,271,,,1681386320,9.625,0.0,2.6639999999999873,6928.252928,0.02860389846788656,280603.0,0.27781855624422463,2389.020672,915.0,6180.069376,0.0,0.0,0.0,14.374999999999998,214231.0,51.880225073465695,22468.407296,2.654208,4010.0,1.0009999999992942,4724.666368,0.0,575668.0,28.8,10.5,28145.901568,316.0,0.006662392000180262,0.0006832509998275782,0.02403033499922458,,,,,,,,,,,
484,272,,,1681386321,,,,,,,,,,,,,,,,,,,,,,,,,,,,,,,3.0,0.10855719700066402,6816.0,7.30126953125,0.3617254079999839,0.5059571559995675,0.0,0.0001,0.004298572999687167,0.0,212.0
485,272,,,1681386321,9.625,0.0,2.671999999999997,6927.015936,0.0081717746686857,281940.0,0.20568292997452173,2389.016576,917.0,6180.06528,0.0,0.0,0.0,14.374999999999998,215140.0,26.568697854565336,22469.320704,2.654208,4036.0,1.0029999999997017,4724.666368,0.0,577250.0,28.8,10.5,28145.901568,318.0,0.00674001999959728,0.0009382919997733552,0.025216617000296537,,,,,,,,,,,
486,273,,,1681386322,,,,,,,,,,,,,,,,,,,,,,,,,,,,,,,3.0,0.11040020899963565,6848.0,7.12451171875,0.3618833219998123,0.5092789169993921,0.0,0.0001,0.004100457000276947,0.0,213.0
487,273,,,1681386322,9.75,0.0,2.687999999999988,6930.243584,0.0367686836123889,283005.0,0.19100884294859943,2389.020672,921.0,6180.069376,0.0,0.0,0.0,15.25,216207.0,49.49414308511401,22466.404352,2.654208,4049.0,1.0059999999994034,4724.666368,0.0,578869.0,28.8,10.625,28145.901568,318.0,0.006878915000015695,0.0007120029995348887,0.027710579000086,,,,,0.3555798430006689,,,,,,
488,274,,,1681386323,,,,,,,,,,,,,,,,,,,,,,,,,,,,,,,3.0,0.10892300799969235,6880.0,7.544677734375,,0.5050932469994223,0.0,0.0001,0.0052888989994244184,0.0,214.0
489,274,,,1681386323,9.75,0.0,2.7039999999999793,6930.755584,0.008172730979001853,284363.0,0.26562173796293403,2389.016576,923.0,6180.06528,0.0,0.0,0.0,15.25,217267.0,30.347385322385016,22465.90464,2.654208,4084.0,1.0079999999998108,4724.666368,0.0,580563.0,28.8,10.625,28145.901568,319.0,0.006829261000348197,0.0006855440005892888,0.0259536659996229,,0.10840114800066658,,,0.3581252850008241,,,,,,
490,275,,,1681386324,,,,,,,,,,,,,,,,,,,,,,,,,,,,,,,3.0,,6912.0,7.170166015625,,0.5041099030013356,0.0,0.0001,0.00411499899928458,0.0,215.0
491,275,,,1681386324,9.75,0.0,2.73599999999999,6930.296832,0.20434549333826194,286179.0,0.25487310947314984,2389.020672,936.0,6180.069376,0.0,0.0,0.0,15.25,218589.0,24.531460954638263,22466.3552,2.654208,4098.0,1.0179999999991196,4724.666368,0.0,582630.0,28.8,10.625,28145.901568,319.0,0.006826829999226902,0.0006909009998707916,0.02512825400026486,,0.10930393600028765,,,0.3630986939997456,,,,,,
492,276,,,1681386325,,,,,,,,,,,,,,,,,,,,,,,,,,,,,,,3.0,,6944.0,7.32958984375,,0.5093884049992994,0.0,0.0001,0.004339789999903587,0.0,216.0
493,276,,,1681386325,9.75,0.0,2.7479999999999905,6931.816448,0.008172184766228245,287661.0,0.2787241727734923,2389.016576,938.0,6180.06528,0.0,0.0,0.0,15.25,219631.0,30.355556367963906,22464.835584,2.654208,4114.0,1.019999999999527,4724.666368,0.0,584436.0,28.8,10.625,28145.901568,319.0,0.006749280999429175,0.0007186909997471957,0.02479380300064804,,0.10962463899977593,,,0.36324268899988965,,,,,,
494,276,,,1681386325,,,,,,,,,,,,,,,,,,,,,,,,,,,,,,,3.0,,6976.0,7.090576171875,,0.5093367559993567,0.0,0.0001,0.004207652999866696,0.0,217.0
495,277,,,1681386326,,,,,,,,,,,,,,,,,,,,,,,,,,,,0.006738308999956644,0.000710404000528797,0.02402997500030324,3.0,0.10986451099961414,7008.0,6.8909912109375,0.3633551869997973,0.5087003580001692,0.0,0.0001,0.004001971999969101,0.0,218.0
496,277,,,1681386326,9.75,0.0,2.759999999999991,6929.526784,0.012257679490858948,289103.0,0.2630533132411368,2389.016576,941.0,6180.06528,0.0,0.0,0.0,15.25,220786.0,28.422015508285252,22486.396928,2.654208,4131.0,1.0219999999999345,4724.666368,0.0,586262.0,28.7,10.625,28145.901568,321.0,0.006820956000410661,0.0006392750001396053,0.02413880399944901,,,,,,,,,,,
497,278,,,1681386327,,,,,,,,,,,,,,,,,,,,,,,,,,,,,,,3.0,0.10809248199984722,7040.0,7.00439453125,0.3639564539998901,0.5078206660000433,0.0,0.0001,0.004172695000306703,0.0,219.0
498,278,,,1681386327,9.75,0.0,2.7680000000000007,6928.080896,0.008171718307785675,290577.0,0.2662831020105778,2389.020672,943.0,6180.069376,0.0,0.0,0.0,15.0,221853.0,29.39368670938254,22468.718592,2.654208,4145.0,1.0239999999994325,4724.678656,0.0,588024.0,28.8,10.75,28145.901568,324.0,0.006751959999746759,0.0006955619992368156,0.023746050999761792,,,,,,,,,,,
499,279,,,1681386328,,,,,,,,,,,,,,,,,,,,,,,,,,,,,,,3.0,0.10822597799960931,7072.0,7.2010498046875,0.3603834599998663,0.504613560998223,0.0,0.0001,0.004810550000001967,0.0,220.0
500,279,,,1681386328,9.75,0.0,2.775999999999982,6932.209664,0.008172985644075358,292552.0,0.6211788345695577,2389.016576,945.0,6180.073472,0.0,0.0,0.0,15.0,223420.0,51.44843381067376,22464.438272,2.654208,4176.0,1.02599999999984,4724.678656,0.0,590428.0,28.8,10.75,28145.901568,325.0,0.006772165000256791,0.0006311309998636716,0.029036434999397898,,,,,,,,,,,
501,280,,,1681386329,9.75,0.0,2.783999999999992,6935.18336,0.036777289398249494,293594.0,0.16422081310727693,2391.134208,948.0,6182.457344,0.0,0.0,0.0,15.0,224101.0,2.831771471968301,22461.476864,2.654208,4181.0,1.0289999999995416,4724.965376,0.0,591849.0,28.8,10.75,28146.163712,329.0,,,,,,,,0.35854682399985904,,,,,,
502,281,,,1681386330,9.75,0.0,2.7920000000000016,6935.109632,0.07762914534893418,293975.0,0.03843951407631484,2391.134208,952.0,6182.457344,0.0,0.0,0.0,15.0,224359.0,0.03191987885065176,22461.546496,2.654208,4181.0,1.032999999999447,4724.969472,0.0,592414.0,28.8,10.75,28146.163712,329.0,,,,,,,,,,,,,,
503,282,,,1681386331,9.75,0.0,2.7959999999999923,6981.226496,0.004085766841347934,299711.0,49.48966482028909,2391.134208,953.0,6182.457344,0.0,0.0,0.0,15.0,225746.0,47.14304613138065,22415.433728,2.654208,4181.0,1.032999999999447,4724.969472,0.0,596730.0,29.0,10.75,28146.163712,329.0,,,,,,,,,,,,,,
504,283,,,1681386332,9.75,0.0,2.799999999999983,6997.25824,0.0040859845112897865,304343.0,27.628892572101304,2391.134208,954.0,6182.457344,0.0,0.0,0.0,13.750000000000002,227187.0,37.11556701201077,22399.401984,2.654208,4181.0,1.0339999999996508,4724.969472,0.0,600155.0,29.0,10.5,28146.163712,329.0,,,,,,,,,,,,,,
505,284,,,1681386333,9.75,0.0,2.8079999999999927,7010.22208,0.004086114735645954,310606.0,17.76489457505542,2391.134208,955.0,6182.457344,0.0,0.0,0.0,13.750000000000002,228912.0,43.15168600333509,22386.434048,2.654208,4181.0,1.0349999999998545,4724.969472,0.0,604672.0,29.1,10.5,28146.163712,329.0,,,,,,,,,,,,,,
506,285,,,1681386334,9.75,0.0,2.819999999999993,7042.064384,0.04496399879033061,324512.0,143.87124785344207,2391.134208,958.0,6182.457344,0.0,0.0,0.0,13.750000000000002,232363.0,100.7050585493051,22354.59584,2.654208,4181.0,1.0379999999995562,4724.969472,0.0,614141.0,29.2,10.5,28146.163712,329.0,,,,,,,,,,,,,,
507,286,,,1681386335,9.75,0.0,2.828000000000003,7091.085312,0.004089886093281862,339260.0,174.55053910620148,2391.134208,959.0,6182.457344,0.0,0.0,0.0,13.750000000000002,235902.0,181.98712626740863,22305.574912,2.654208,4181.0,1.03899999999976,4724.969472,0.0,624261.0,29.3,10.5,28146.163712,329.0,,,,,,,,,,,,,,
508,287,,,1681386336,9.75,0.0,2.8359999999999843,7130.210304,0.028602116061247615,354156.0,194.14974329203392,2391.134208,961.0,6182.457344,0.0,0.0,0.0,13.750000000000002,239611.0,211.3444352672873,22266.445824,2.654208,4181.0,1.0399999999999636,4724.969472,0.0,634649.0,29.4,10.5,28146.163712,329.0,,,,,,,,,,,,,,
509,288,,,1681386337,9.875,0.0,2.8400000000000034,7150.522368,0.004085169339976508,372141.0,244.44562618704123,2391.134208,962.0,6182.457344,0.0,0.0,0.0,14.75,243986.0,218.72804102428987,22246.13376,2.654208,4181.0,1.0409999999992579,4724.969472,0.0,647014.0,29.5,10.75,28146.163712,329.0,,,,,,,,,,,,,,
510,289,,,1681386338,9.875,0.0,2.8479999999999848,7203.180544,0.0040858018224530475,389369.0,244.74916108932513,2391.134208,963.0,6182.457344,0.0,0.0,0.0,14.75,248471.0,268.0802466041317,22193.47968,2.654208,4181.0,1.0419999999994616,4724.969472,0.0,659247.0,29.7,10.75,28146.163712,329.0,,,,,,,,,,,,,,
511,290,,,1681386339,9.875,0.0,2.8519999999999754,7219.822592,0.004085391800176348,399102.0,173.06853534311196,2391.134208,964.0,6182.457344,0.0,0.0,0.0,14.75,251513.0,172.47719083814457,22176.837632,2.654208,4181.0,1.0429999999996653,4724.969472,0.0,666514.0,29.7,10.75,28146.163712,329.0,,,,,,,,,,,,,,
512,291,,,1681386340,9.875,0.0,2.859999999999985,7250.644992,0.04494978516444954,417133.0,287.6044243691789,2391.134208,967.0,6182.457344,0.0,0.0,0.0,14.75,256110.0,269.5807736526905,22146.015232,2.654208,4181.0,1.045999999999367,4724.969472,0.0,679186.0,29.8,10.75,28146.163712,329.0,,,,,,,,,,,,,,
513,292,,,1681386341,9.875,0.0,2.8719999999999857,7326.285824,0.06541008613138692,437447.0,323.3711851823453,2391.134208,972.0,6182.457344,0.0,0.0,0.0,14.75,261158.0,310.0105682578314,22070.3744,2.654208,4181.0,1.0499999999992724,4724.969472,0.0,693196.0,30.1,10.75,28146.163712,329.0,,,,,,,,,,,,,,
514,293,,,1681386342,9.75,0.0,2.8759999999999764,7360.114688,0.00408612931351586,448001.0,134.81293019562682,2391.134208,973.0,6182.457344,0.0,0.0,0.0,13.5,263771.0,187.21748276910128,22036.545536,2.654208,4181.0,1.0509999999994761,4724.969472,0.0,700478.0,30.2,10.625,28146.163712,329.0,,,,,,,,,,,,,,
515,294,,,1681386343,9.75,0.0,2.883999999999986,7395.876864,0.004089255265825364,462505.0,229.2480349379911,2391.134208,974.0,6182.457344,0.0,0.0,0.0,13.5,267492.0,181.69161752885995,22000.779264,2.654208,4181.0,1.0519999999996799,4724.969472,0.0,710593.0,30.3,10.625,28146.163712,329.0,,,,,,,,,,,,,,
516,295,,,1681386344,9.75,0.0,2.891999999999996,7393.71008,0.004085809596113306,467899.0,77.06144130922931,2391.134208,975.0,6182.457344,0.0,0.0,0.0,13.5,269514.0,118.56548620552645,22002.946048,2.654208,4181.0,1.0529999999998836,4724.969472,0.0,715001.0,30.3,10.625,28146.163712,329.0,,,,,,,,,,,,,,
517,296,,,1681386345,9.75,0.0,2.8959999999999866,7423.20128,0.00408523345370391,477369.0,158.5835922770256,2391.134208,976.0,6182.457344,0.0,0.0,0.0,13.5,272158.0,108.22128906817774,21973.458944,2.654208,4181.0,1.0539999999991778,4724.969472,0.0,721707.0,30.4,10.625,28146.163712,329.0,,,,,,,,,,,,,,
518,297,,,1681386346,9.75,0.0,2.9119999999999777,7421.186048,0.0490298200909396,480793.0,52.125090828369785,2391.134208,981.0,6182.457344,0.0,0.0,0.0,13.5,273811.0,56.46357553708137,21975.47008,2.654208,4181.0,1.0579999999999927,4724.969472,0.0,724825.0,30.4,10.625,28146.163712,329.0,,,,,,,,,,,,,,
519,298,,,1681386347,9.75,0.0,2.9199999999999875,7442.116608,0.2819081905994329,491127.0,154.48239281689655,2391.134208,1036.0,6182.457344,0.0,0.0,0.0,13.375,276651.0,148.70588428401442,21954.543616,2.654208,4181.0,1.1719999999995707,4724.969472,0.0,732258.0,30.4,10.625,28146.163712,329.0,,,,,,,,,,,,,,
520,299,,,1681386348,9.75,0.0,2.9279999999999973,7458.553856,0.004088700532154225,497383.0,78.32405775772463,2391.134208,1037.0,6182.457344,0.0,0.0,0.0,13.375,278650.0,96.27047440913212,21938.106368,2.654208,4181.0,1.1729999999997744,4724.969472,0.0,737050.0,30.5,10.625,28146.163712,329.0,,,,,,,,,,,,,,
521,300,,,1681386349,9.75,0.0,2.931999999999988,7482.6752,0.0040860593370597885,504930.0,104.79112572016359,2391.134208,1038.0,6182.457344,0.0,0.0,0.0,13.375,281003.0,94.23729731858406,21913.985024,2.654208,4181.0,1.1739999999999782,4724.969472,0.0,742682.0,30.6,10.625,28146.163712,329.0,,,,,,,,,,,,,,
522,301,,,1681386350,9.75,0.0,2.9359999999999786,7500.193792,0.004085739634235849,514996.0,145.90358174911213,2391.134208,1039.0,6182.457344,0.0,0.0,0.0,13.375,283749.0,151.08509760058493,21896.466432,2.654208,4181.0,1.1739999999999782,4724.969472,0.0,749911.0,30.6,10.625,28146.163712,329.0,,,,,,,,,,,,,,
523,302,,,1681386351,9.75,0.0,2.9399999999999977,7502.905344,0.004085593888019479,518844.0,31.316563907474762,2391.134208,1040.0,6182.457344,0.0,0.0,0.0,13.375,285327.0,62.41565771693053,21893.75488,2.654208,4181.0,1.1749999999992724,4724.969472,0.0,753191.0,30.6,10.625,28146.163712,329.0,,,,,,,,,,,,,,
524,303,,,1681386352,9.75,0.0,2.955999999999989,7512.272896,0.12257420041147266,526728.0,144.7227679002744,2391.134208,1057.0,6182.457344,0.0,0.0,0.0,12.375,287311.0,73.61185625678536,21884.387328,2.654208,4181.0,1.1939999999995052,4724.969472,0.0,758655.0,30.7,10.5,28146.163712,329.0,,,,,,,,,,,,,,
525,304,,,1681386353,9.75,0.0,2.9599999999999795,7512.498176,0.0040856434405663646,527224.0,0.06277686903028593,2391.134208,1058.0,6182.457344,0.0,0.0,0.0,12.375,287592.0,12.660012560401299,21884.162048,2.654208,4181.0,1.1939999999995052,4724.969472,0.0,759073.0,30.7,10.5,28146.163712,329.0,,,,,,,,,,,,,,
526,305,,,1681386354,9.75,0.0,2.9679999999999893,7512.43264,0.020429174303567197,527769.0,0.04935720433237466,2391.134208,1062.0,6182.457344,0.0,0.0,0.0,12.375,287819.0,8.749200881733627,21884.227584,2.654208,4181.0,1.1979999999994106,4724.969472,0.0,759459.0,30.7,10.5,28146.163712,329.0,,,,,,,,,,,,,,
527,306,,,1681386355,9.75,0.0,2.975999999999999,7530.729472,0.004085566679582018,533397.0,70.45819879902353,2391.134208,1063.0,6182.457344,0.0,0.0,0.0,12.375,289296.0,64.42008234547673,21865.930752,2.654208,4181.0,1.1989999999996144,4724.969472,0.0,763380.0,30.7,10.5,28146.163712,329.0,,,,,,,,,,,,,,
528,307,,,1681386356,9.75,0.0,2.9799999999999898,7531.278336,0.004085631781035429,535877.0,73.24351193613063,2391.134208,1064.0,6182.457344,0.0,0.0,0.0,12.375,290677.0,13.094585512152886,21865.381888,2.654208,4181.0,1.199999999999818,4724.969472,0.0,765626.0,30.7,10.5,28146.163712,329.0,,,,,,,,,,,,,,
529,308,,,1681386357,9.625,0.0,2.9919999999999902,7531.483136,0.06536737250837414,536605.0,0.08399132847732314,2391.134208,1069.0,6182.457344,0.0,0.0,0.0,11.375,291060.0,8.507126259750772,21865.172992,2.654208,4181.0,1.2049999999999272,4724.969472,0.0,766252.0,30.7,10.25,28146.163712,329.0,,,,,,,,,,,,,,
530,309,,,1681386358,9.625,0.0,2.995999999999981,7531.057152,0.004086068087161245,537735.0,0.14881428049579115,2391.134208,1070.0,6182.457344,0.0,0.0,0.0,11.375,291564.0,16.36077623071608,21865.598976,2.654208,4181.0,1.2049999999999272,4724.969472,0.0,767197.0,30.7,10.25,28146.163712,329.0,,,,,,,,,,,,,,
531,310,,,1681386359,9.625,0.0,3.0,7535.648768,0.004085758092536366,540983.0,59.18203045476386,2391.134208,1071.0,6182.457344,0.0,0.0,0.0,11.375,292489.0,47.72661013421696,21861.011456,2.654208,4181.0,1.2069999999994252,4724.969472,0.0,769520.0,30.7,10.25,28146.163712,329.0,,,,,,,,,,,,,,
532,311,,,1681386360,9.625,0.0,3.0079999999999814,7538.384896,0.004085286883347375,542635.0,16.870702843274472,2391.134208,1072.0,6182.457344,0.0,0.0,0.0,11.375,292947.0,15.02494310080174,21858.275328,2.654208,4181.0,1.207999999999629,4724.969472,0.0,770631.0,30.7,10.25,28146.163712,329.0,,,,,,,,,,,,,,
533,312,,,1681386361,9.625,0.0,3.0120000000000005,7544.856576,0.004085702710877581,544755.0,1.1657499338681478,2391.134208,1073.0,6182.457344,0.0,0.0,0.0,11.375,293570.0,23.215353814466653,21851.803648,2.654208,4181.0,1.2089999999998327,4724.969472,0.0,772145.0,30.8,10.25,28146.163712,329.0,,,,,,,,,,,,,,
534,313,,,1681386362,9.625,0.0,3.019999999999982,7540.240384,0.036772268870630294,545387.0,32.96400885398486,2391.134208,1076.0,6182.457344,0.0,0.0,0.0,10.5,294433.0,12.792464256507758,21856.407552,2.654208,4181.0,1.2109999999993306,4724.969472,0.0,773054.0,30.7,10.125,28146.163712,329.0,,,,,,,,,,,,,,
535,314,,,1681386363,9.625,0.0,3.0279999999999916,7542.665216,0.02451815211054408,548154.0,59.07780440379003,2391.134208,1079.0,6182.457344,0.0,0.0,0.0,10.5,295199.0,44.26859311261655,21853.98272,2.654208,4181.0,1.212999999999738,4724.969472,0.0,775005.0,30.7,10.125,28146.163712,329.0,,,,,,,,,,,,,,
536,315,,,1681386364,9.625,0.0,3.0360000000000014,7551.311872,0.04494363833149752,550046.0,16.93766287361919,2391.134208,1083.0,6182.457344,0.0,0.0,0.0,10.5,295826.0,28.187385922281123,21845.348352,2.654208,4181.0,1.2169999999996435,4724.969472,0.0,776442.0,30.8,10.125,28146.163712,329.0,,,,,,,,,,,,,,
537,316,,,1681386365,9.625,0.0,3.0439999999999827,7561.928704,0.004086123482355416,552819.0,24.828595111757323,2391.134208,1084.0,6182.457344,0.0,0.0,0.0,10.5,296698.0,55.59592378454154,21834.73152,2.654208,4181.0,1.2179999999998472,4724.969472,0.0,778557.0,30.8,10.125,28146.163712,329.0,,,,,,,,,,,,,,
538,317,,,1681386366,9.625,0.0,3.048000000000002,7562.182656,0.004085926204566942,553535.0,0.06223855168194194,2391.134208,1085.0,6182.457344,0.0,0.0,0.0,10.5,296989.0,16.819427927060893,21834.477568,2.654208,4181.0,1.2189999999991414,4724.969472,0.0,779102.0,30.8,10.125,28146.163712,329.0,,,,,,,,,,,,,,
539,318,,,1681386367,9.625,0.0,3.0519999999999925,7572.914176,0.004085760035907059,556569.0,4.685776244703089,2391.134208,1086.0,6182.457344,0.0,0.0,0.0,9.625,297993.0,17.63638270820971,21823.741952,2.654208,4181.0,1.2199999999993452,4724.969472,0.0,781289.0,30.8,9.875,28146.163712,329.0,,,,,,,,,,,,,,
540,319,,,1681386368,9.625,0.0,3.063999999999993,7568.121856,0.016341380687300466,557922.0,29.513139935568603,2391.134208,1089.0,6182.457344,0.0,0.0,0.0,9.625,299071.0,17.47017272667167,21828.538368,2.654208,4181.0,1.2229999999999563,4724.969472,0.0,782783.0,30.8,9.875,28146.163712,329.0,,,,,,,,,,,,,,
541,320,,,1681386369,9.625,0.0,3.0720000000000027,7576.24832,0.0326796373626286,560501.0,33.80502641645745,2391.134208,1092.0,6182.457344,0.0,0.0,0.0,9.625,299961.0,23.607511529077474,21820.407808,2.654208,4181.0,1.2249999999994543,4724.969472,0.0,784798.0,30.9,9.875,28146.163712,329.0,,,,,,,,,,,,,,
542,321,,,1681386370,9.625,0.0,3.0759999999999934,7577.788416,0.004086040872407902,564824.0,34.149062675062424,2391.134208,1093.0,6182.457344,0.0,0.0,0.0,9.625,301443.0,53.14825892451709,21818.871808,2.654208,4181.0,1.225999999999658,4724.969472,0.0,788159.0,30.9,9.875,28146.163712,329.0,,,,,,,,,,,,,,
543,322,,,1681386371,9.625,0.0,3.079999999999984,7576.907776,0.0040854423229843475,567795.0,67.28455397863681,2391.134208,1094.0,6182.457344,0.0,0.0,0.0,9.625,302495.0,5.085625629753405,21819.748352,2.654208,4181.0,1.2269999999998618,4724.969472,0.0,790458.0,30.9,9.875,28146.163712,329.0,,,,,,,,,,,,,,
544,324,,,1681386373,9.5,0.0,3.084000000000003,7577.104384,0.004085868871245483,570065.0,0.2632991357587333,2391.134208,1095.0,6182.457344,0.0,0.0,0.0,8.875,303376.0,48.58113249632696,21819.551744,2.654208,4181.0,1.227999999999156,4724.969472,0.0,792314.0,30.9,9.75,28146.163712,329.0,,,,,,,,,,,,,,
545,325,,,1681386374,9.5,0.0,3.0919999999999845,7577.174016,0.028601945995887525,574965.0,67.74224068692939,2391.134208,1098.0,6182.457344,0.0,0.0,0.0,8.875,304883.0,20.375909812615458,21819.478016,2.654208,4181.0,1.2309999999997672,4724.969472,0.0,795904.0,30.9,9.75,28146.163712,329.0,,,,,,,,,,,,,,
546,326,,,1681386375,9.5,0.0,3.095999999999975,7577.452544,0.004085862069093778,575833.0,0.11406098934790791,2391.134208,1099.0,6182.457344,0.0,0.0,0.0,8.875,305297.0,20.22300622894094,21819.199488,2.654208,4181.0,1.231999999999971,4724.969472,0.0,796658.0,30.9,9.75,28146.163712,329.0,,,,,,,,,,,,,,
547,327,,,1681386376,9.5,0.0,3.103999999999985,7577.755648,0.03677675579237,579685.0,0.42165572092998505,2391.134208,1102.0,6182.457344,0.0,0.0,0.0,8.875,306664.0,44.23137546218719,21818.904576,2.654208,4181.0,1.2349999999996726,4724.969472,0.0,799682.0,30.9,9.75,28146.163712,329.0,,,,,,,,,,,,,,
548,328,,,1681386377,9.5,0.0,3.1119999999999948,7582.908416,0.0040863654895009266,582038.0,6.1483199748557755,2391.134208,1103.0,6182.457344,0.0,0.0,0.0,8.875,307225.0,11.344045900997491,21813.751808,2.654208,4181.0,1.2359999999998763,4724.969472,0.0,801238.0,30.9,9.75,28146.163712,329.0,,,,,,,,,,,,,,
549,329,,,1681386378,9.5,0.0,3.1159999999999854,7590.121472,0.004085841662774552,585730.0,61.79994319257214,2391.134208,1104.0,6182.457344,0.0,0.0,0.0,8.125,308984.0,60.86502760676143,21806.534656,2.654208,4181.0,1.2359999999998763,4724.969472,0.0,804504.0,30.9,9.625,28146.163712,329.0,,,,,,,,,,,,,,
550,330,,,1681386379,9.5,0.0,3.119999999999976,7593.320448,0.004086270238287827,588989.0,25.006034472655948,2391.134208,1105.0,6182.457344,0.0,0.0,0.0,8.125,309833.0,6.7391215696263504,21803.33568,2.654208,4181.0,1.2369999999991705,4724.969472,0.0,806619.0,30.9,9.625,28146.163712,329.0,,,,,,,,,,,,,,
551,331,,,1681386380,9.5,0.0,3.127999999999986,7589.400576,0.02043097214272773,592984.0,43.24089156765943,2391.134208,1108.0,6182.457344,0.0,0.0,0.0,8.125,311524.0,57.86507017487624,21807.251456,2.654208,4181.0,1.2409999999999854,4724.969472,0.0,810078.0,30.9,9.625,28146.163712,329.0,,,,,,,,,,,,,,
552,332,,,1681386381,9.5,0.0,3.1359999999999957,7593.422848,0.03268856801765352,597558.0,49.97898495785356,2391.134208,1111.0,6182.457344,0.0,0.0,0.0,8.125,312876.0,26.268025691603032,21803.216896,2.654208,4181.0,1.2429999999994834,4724.969472,0.0,813303.0,30.9,9.625,28146.163712,329.0,,,,,,,,,,,,,,
553,333,,,1681386382,9.5,0.0,3.143999999999977,7588.90496,0.0040861400040199,600147.0,17.85169125420595,2391.134208,1112.0,6182.457344,0.0,0.0,0.0,8.125,314236.0,42.60856007715504,21807.751168,2.654208,4181.0,1.2439999999996871,4724.969472,0.0,815774.0,30.9,9.625,28146.163712,329.0,,,,,,,,,,,,,,
554,334,,,1681386383,9.375,0.0,3.147999999999996,7589.896192,0.004086110848231546,605831.0,67.7723941330117,2391.134208,1113.0,6182.457344,0.0,0.0,0.0,7.5,316129.0,56.8403716715876,21806.764032,2.654208,4181.0,1.2449999999998909,4724.969472,0.0,820167.0,30.9,9.375,28146.163712,329.0,,,,,,,,,,,,,,
555,335,,,1681386384,9.375,0.0,3.151999999999987,7593.508864,0.004086374233654516,611948.0,60.922101386820984,2391.134208,1114.0,6182.457344,0.0,0.0,0.0,7.5,318061.0,67.98302883864984,21803.15136,2.654208,4181.0,1.245999999999185,4724.969472,0.0,824747.0,30.9,9.375,28146.163712,329.0,,,,,,,,,,,,,,
556,336,,,1681386385,9.375,0.0,3.1599999999999966,7589.51936,0.020428372664871026,615261.0,74.35832688960002,2391.134208,1117.0,6182.457344,0.0,0.0,0.0,7.5,319561.0,12.885156157427657,21807.140864,2.654208,4181.0,1.2489999999997963,4724.969472,0.0,827529.0,30.9,9.375,28146.163712,329.0,,,,,,,,,,,,,,
557,337,,,1681386386,9.375,0.0,3.167999999999978,7591.616512,0.03677349326042351,621530.0,53.52489679206291,2391.134208,1120.0,6182.457344,0.0,0.0,0.0,7.5,321626.0,68.58230158282183,21805.043712,2.654208,4181.0,1.2509999999992942,4724.969472,0.0,832377.0,30.9,9.375,28146.163712,329.0,,,,,,,,,,,,,,
558,338,,,1681386387,9.375,0.0,3.1759999999999877,7592.853504,0.044951314115256887,626463.0,0.5391922897918692,2391.134208,1124.0,6182.457344,0.0,0.0,0.0,7.5,323278.0,64.22858779652957,21803.794432,2.654208,4181.0,1.2539999999999054,4724.969472,0.0,836063.0,30.9,9.375,28146.163712,329.0,,,,,,,,,,,,,,
559,338,,,1681386387,,,,,,,,,,,,,,,,,,,,,,,,,,,,,,,3.0,58.931837554000595,7104.0,7.02392578125,,59.33091143999991,1.0,0.0001,0.004087330999936967,0.0,221.0
560,339,,,1681386388,9.375,0.0,3.191999999999979,7720.32512,0.024513266016418737,645499.0,2.0582206325869374,2389.118976,1130.0,6180.655104,0.0,0.0,0.0,6.875000000000001,327108.0,29.46663742271213,21695.5904,2.654208,4221.0,1.2599999999993088,4759.064576,0.0,883921.0,31.2,9.25,28448.169984,377.0,0.009578910999152868,0.0013926049996371148,0.06399676099954377,,,,,,,,,,,
561,339,,,1681386388,,,,,,,,,,,,,,,,,,,,,,,,,,,,,,,3.0,0.10557164599958924,7136.0,7.345703125,0.35980523799935327,0.5478551869973671,1.0,0.0001,0.007510026000090875,0.0,222.0
562,340,,,1681386389,9.375,0.0,3.1999999999999886,8427.732992,0.008168237096902738,661302.0,4.0200090559693145,2389.098496,1132.0,6180.67968,0.0,0.0,0.0,6.875000000000001,332206.0,27.194797344224785,20988.063744,2.654208,4241.0,1.2619999999997162,4759.064576,0.0,1142796.0,33.5,9.25,28448.169984,389.0,0.007737261999864131,0.0011040229992431705,0.05710387700037245,,,,,,,,,,,
563,340,,,1681386389,,,,,,,,,,,,,,,,,,,,,,,,,,,,,,,3.0,0.6321995939997578,7168.0,7.0321044921875,0.31257353799992416,1.017711385999064,1.0,0.0001,0.00699309199990239,0.0,223.0
564,341,,,1681386390,9.375,0.0,3.2079999999999984,8429.441024,0.008171658060786739,662145.0,0.16822922221372075,2389.118976,1134.0,6180.70016,0.0,0.0,0.0,6.875000000000001,333141.0,31.58293969174121,20986.494976,2.654208,4254.0,1.2639999999992142,4759.064576,0.0,1144149.0,33.5,9.25,28448.169984,390.0,0.00673219300006167,0.0007621340000696364,0.024147183999957633,,,,,,,,,,,
565,341,,,1681386390,,,,,,,,,,,,,,,,,,,,,,,,,,,,,,,3.0,0.1059632819997205,7200.0,7.137451171875,0.3426284319994011,0.48432193599910534,1.0,0.0001,0.004088710999894829,0.0,224.0
566,342,,,1681386391,9.375,0.0,3.2239999999999895,8426.508288,0.032687184185016996,663503.0,0.21490865968675946,2389.098496,1139.0,6180.67968,0.0,0.0,0.0,6.875000000000001,333918.0,0.1859163403143554,20989.427712,2.654208,4269.0,1.2689999999993233,4759.105536,0.0,1145552.0,33.5,9.25,28448.169984,392.0,0.006757271999958903,0.000908700000763929,0.035118308999699366,,,,,,,,,,,
567,342,,,1681386391,,,,,,,,,,,,,,,,,,,,,,,,,,,,,,,3.0,0.10556447100043442,7232.0,7.0767822265625,0.33820773599927634,0.4917632489996322,1.0,0.0001,0.005206760999499238,0.0,225.0
568,343,,,1681386392,9.375,0.0,3.2399999999999807,8433.152,0.04494008997120594,665512.0,0.41744332509435444,2389.118976,1143.0,6180.70016,0.0,0.0,0.0,6.875000000000001,335674.0,91.29436446238816,20963.500032,2.654208,4285.0,1.2729999999992287,4759.105536,0.0,1148221.0,33.6,9.25,28448.169984,394.0,0.006520957999782695,0.0006121100004747859,0.02334781199988356,,,,,0.3488412229999085,,,,,,
569,343,,,1681386392,,,,,,,,,,,,,,,,,,,,,,,,,,,,,,,3.0,0.10497620600017399,7264.0,7.259033203125,,0.48838136400081567,1.0,0.0001,0.0040830550005921395,0.0,226.0
570,344,,,1681386393,9.375,0.0,3.2479999999999905,8430.51008,0.008172219752758201,666558.0,0.1916162072699811,2389.098496,1145.0,6180.67968,0.0,0.0,0.0,7.375,336363.0,4.279777118716242,20985.417728,2.654208,4301.0,1.2749999999996362,4759.109632,0.0,1149415.0,33.5,9.375,28448.169984,398.0,0.006618374999561638,0.0007857670007069828,0.03412185799970757,,0.10628574000020308,,,0.33763432300020213,,,,,,
571,344,,,1681386393,,,,,,,,,,,,,,,,,,,,,,,,,,,,,,,3.0,,7296.0,7.148193359375,,0.49068041000009543,1.0,0.0001,0.005234346999714035,0.0,227.0
572,345,,,1681386394,9.375,0.0,3.2560000000000002,8432.775168,0.008172639610855695,668002.0,0.2869203067194703,2389.065728,1147.0,6180.646912,0.0,0.0,0.0,7.375,337549.0,36.08503718104047,20983.15264,2.654208,4322.0,1.27599999999984,4759.109632,0.0,1151202.0,33.5,9.375,28467.44576,399.0,0.006685106000077212,0.0006334350000543054,0.02328656999998202,,0.10599474700029532,,,0.3489401070000895,,,,,,
573,345,,,1681386394,,,,,,,,,,,,,,,,,,,,,,,,,,,,,,,3.0,,7328.0,7.1778564453125,,0.4900749750004252,1.0,0.0001,0.004535009999926842,0.0,228.0
574,346,,,1681386395,,,,,,,,,,,,,,,,,,,,,,,,,,,,0.006616914000005636,0.0007653379998373566,0.023653287999877648,3.0,0.1070831110000654,7360.0,7.083984375,0.34830904099999316,0.4903310589998,1.0,0.0001,0.0039033670000208076,0.0,229.0
575,346,,,1681386395,9.375,0.0,3.275999999999982,8446.40256,0.012253564547035264,669937.0,0.3836418743407347,2389.098496,1150.0,6180.67968,0.0,0.0,0.0,7.375,339196.0,88.0509796333581,20969.385984,2.654208,4341.0,1.2789999999995416,4759.109632,0.0,1153599.0,33.6,9.375,28448.169984,400.0,0.006574805000127526,,,,,,,,,,,,,
576,346,,,1681386395,,,,,,,,,,,,,,,,,,,,,,,,,,,,,0.0009419160005563754,0.027157634000104736,3.0,0.10595128600016324,7392.0,7.0523681640625,0.3442813659994499,0.4898089720009011,1.0,0.0001,0.004901965000499331,0.0,230.0
577,347,,,1681386396,9.375,0.0,3.2920000000000016,8443.43296,0.04903308526586876,671525.0,0.19522254750056844,2389.065728,1156.0,6180.646912,0.0,0.0,0.0,7.375,340279.0,39.962658808132204,20972.355584,2.654208,4374.0,1.2869999999993524,4759.109632,0.0,1155476.0,33.5,9.375,28467.44576,401.0,0.006735642999956326,0.0008129130001179874,0.023496472000260837,,,,,,,,,,,
578,347,,,1681386396,,,,,,,,,,,,,,,,,,,,,,,,,,,,,,,3.0,0.10547832399970503,7424.0,7.298583984375,0.3507963120000568,0.49195520200009923,1.0,0.0001,0.0046355380000022706,0.0,231.0
579,348,,,1681386397,9.375,0.0,3.304000000000002,8444.264448,0.04903513788414215,672719.0,0.22202286796242277,2389.118976,1160.0,6180.70016,0.0,0.0,0.0,7.375,341392.0,46.76573839029247,20952.379392,2.654208,4390.0,1.2899999999999636,4759.109632,0.0,1157167.0,33.6,9.375,28448.169984,402.0,0.00678017300015199,0.0005988909997540759,0.023315372000070056,,,,,,,,,,,
580,348,,,1681386397,,,,,,,,,,,,,,,,,,,,,,,,,,,,,,,3.0,0.10582329399949231,7456.0,7.16162109375,0.35073304400066263,0.490671268999904,1.0,0.0001,0.0034204949997729273,0.0,232.0
581,349,,,1681386398,9.375,0.0,3.319999999999993,8444.030976,0.008172025386938057,673716.0,0.20848241326013564,2389.0944,1162.0,6180.675584,0.0,0.0,0.0,7.75,342292.0,28.225880404276225,20952.76032,2.654208,4404.0,1.2919999999994616,4759.109632,0.0,1158599.0,33.6,9.375,28448.169984,404.0,0.006677690000287839,0.0006147819995021564,0.023190910999801417,,,,,0.3491039999998975,,,,,,
582,349,,,1681386398,,,,,,,,,,,,,,,,,,,,,,,,,,,,,,,3.0,0.10596230300052412,7488.0,7.2884521484375,,0.48960697799975605,1.0,0.0001,0.004057291999743029,0.0,233.0
583,350,,,1681386399,9.375,0.0,3.328000000000003,8445.681664,0.008172814565975035,675382.0,0.2915236571548444,2389.11488,1164.0,6180.696064,0.0,0.0,0.0,7.75,343414.0,25.811823535900725,20950.831104,2.654208,4438.0,1.293999999999869,4759.109632,0.0,1160500.0,33.6,9.375,28448.169984,405.0,0.006788004000554793,0.0006273460003285436,0.0241687269999602,,0.10621141499996156,,,0.34584520699991117,,,,,,
584,350,,,1681386399,,,,,,,,,,,,,,,,,,,,,,,,,,,,,,,3.0,,7520.0,7.1888427734375,,0.4877596740006993,1.0,0.0001,0.004118974999983038,0.0,234.0
585,351,,,1681386400,9.375,0.0,3.3359999999999843,8445.39904,0.008172686268451176,676542.0,0.26535690723953126,2389.0944,1166.0,6180.675584,0.0,0.0,0.0,7.75,344376.0,28.79894219709816,20951.252992,2.654208,4454.0,1.2979999999997744,4759.109632,0.0,1162068.0,33.6,9.375,28448.169984,406.0,0.006625160999647051,0.0007672829997318331,0.023794783000084863,,0.10550462899936974,,,0.350290901000335,,,,,,
586,351,,,1681386400,,,,,,,,,,,,,,,,,,,,,,,,,,,,,,,3.0,,7552.0,7.360595703125,,0.4914167039996755,1.0,0.0001,0.0044339470005070325,0.0,235.0
587,352,,,1681386401,,,,,,,,,,,,,,,,,,,,,,,,,,,,0.0068486170002870494,0.0006919980005477555,0.02433348699923954,3.0,0.10599265899963939,7584.0,7.3258056640625,0.3485596500004249,0.4905244510000557,1.0,0.0001,0.004098039999917091,0.0,236.0
588,352,,,1681386401,9.375,0.0,3.359999999999985,8446.464,0.0817016188700435,677897.0,0.19708919819468082,2389.0944,1174.0,6180.67968,0.0,0.0,0.0,7.75,345459.0,31.1555639600341,20969.455616,2.654208,4482.0,1.3049999999993815,4759.109632,0.0,1163819.0,33.6,9.375,28448.169984,406.0,0.006645518999903288,,,,,,,,,,,,,
589,352,,,1681386401,,,,,,,,,,,,,,,,,,,,,,,,,,,,,0.0006629119998251554,0.026478812999812362,3.0,0.10620422200008761,7616.0,7.2559814453125,0.3475061780000033,0.4916933809990951,1.0,0.0001,0.004195736999463406,0.0,237.0
590,353,,,1681386402,9.375,0.0,3.367999999999995,8440.9344,0.008171720251252044,679226.0,0.2183142098381997,2389.11488,1176.0,6180.70016,0.0,0.0,0.0,7.75,346401.0,24.195737462758586,20965.720064,2.654208,4507.0,1.306999999999789,4759.109632,0.0,1165459.0,33.6,9.375,28448.169984,408.0,0.0068093870004304335,0.0006956050001463154,0.024233967999862216,,,,,,,,,,,
591,353,,,1681386402,,,,,,,,,,,,,,,,,,,,,,,,,,,,,,,3.0,0.10744278399943141,7648.0,7.181640625,0.3507899180003733,0.49423933300022327,1.0,0.0001,0.0042676709999796,0.0,238.0
592,354,,,1681386403,9.375,0.0,3.3799999999999955,8443.416576,0.008172159494735967,680274.0,0.19311515186223968,2389.0944,1178.0,6180.67968,0.0,0.0,0.0,8.125,347669.0,49.85038840990691,20953.227264,2.654208,4521.0,1.308999999999287,4759.109632,0.0,1167270.0,33.6,9.5,28448.169984,410.0,0.006813106000663538,0.0006238219993974781,0.023919533000480442,,,,,,,,,,,
593,354,,,1681386403,,,,,,,,,,,,,,,,,,,,,,,,,,,,,,,3.0,0.10538982099933492,7680.0,7.38623046875,0.3514113390001512,0.49275941899941245,1.0,0.0001,0.004601797999384871,0.0,239.0
594,355,,,1681386404,9.375,0.0,3.387999999999977,8444.514304,0.008165923118247254,681522.0,0.22830294230722697,2389.11488,1180.0,6180.70016,0.0,0.0,0.0,8.125,348750.0,39.045130122984745,20952.129536,2.654208,4535.0,1.3109999999996944,4759.109632,0.0,1168986.0,33.6,9.5,28448.169984,412.0,0.006781682000109868,0.0006613430005018017,0.024995673000375973,,,,,0.3454020400004083,,,,,,
595,355,,,1681386404,,,,,,,,,,,,,,,,,,,,,,,,,,,,,,,3.0,0.10679839600015839,7712.0,7.307861328125,,0.4888712760011913,1.0,0.0001,0.004232141999636951,0.0,240.0
596,356,,,1681386405,9.375,0.0,3.3959999999999866,8442.79808,0.008171926263929716,682749.0,0.2418778448356804,2389.0944,1182.0,6180.67968,0.0,0.0,0.0,8.125,349637.0,17.774881308357955,20954.001408,2.654208,4547.0,1.3129999999991924,4759.109632,0.0,1170492.0,33.6,9.5,28448.169984,414.0,0.006735324999681325,0.0006129430003056768,0.023705642000095395,,0.10638371100048971,,,0.35162271999979566,,,,,,
597,356,,,1681386405,,,,,,,,,,,,,,,,,,,,,,,,,,,,,,,3.0,,7744.0,7.3590087890625,,0.49320621300012135,1.0,0.0001,0.004145871999753581,0.0,241.0
598,357,,,1681386406,9.375,0.0,3.4119999999999777,8443.682816,0.06946973351093298,684007.0,0.2226718859486658,2389.11488,1189.0,6180.70016,0.0,0.0,0.0,8.125,350728.0,40.85625649458856,20952.973312,2.654208,4564.0,1.319999999999709,4759.109632,0.0,1172240.0,33.6,9.5,28448.169984,416.0,0.006766929000150412,0.0008903230000214535,0.025138146999779565,,0.10640420300023834,,,0.3484708639998644,,,,,,
599,357,,,1681386406,,,,,,,,,,,,,,,,,,,,,,,,,,,,,,,3.0,,7776.0,7.2669677734375,,0.49244496899973456,1.0,0.0001,0.004774502999680408,0.0,242.0
600,358,,,1681386407,9.375,0.0,3.4199999999999875,8446.697472,0.008171488985244293,685157.0,0.22012746447750284,2389.0944,1191.0,6180.67968,0.0,0.0,0.0,8.125,351703.0,28.815542947032053,20949.95456,2.654208,4585.0,1.3209999999999127,4759.109632,0.0,1173811.0,33.6,9.5,28448.169984,418.0,0.006752937999408459,0.0008079199997155229,0.024691651000466663,,0.10558250900066923,,,0.34647817099994427,,,,,,
601,358,,,1681386407,,,,,,,,,,,,,,,,,,,,,,,,,,,,,,,3.0,,7808.0,7.2999267578125,,0.48879377400044177,1.0,0.0001,0.004480585000237625,0.0,243.0
602,358,,,1681386407,,,,,,,,,,,,,,,,,,,,,,,,,,,,0.006781642000532884,0.0007244809994517709,0.02395585299927916,3.0,0.10652912400018977,7840.0,7.283935546875,0.35240028999942297,0.49483398699885583,1.0,0.0001,0.004442596999979287,0.0,244.0
603,359,,,1681386408,9.375,0.0,3.4399999999999977,8442.793984,0.012256394001585047,686428.0,0.19071619338472542,2389.0944,1194.0,6180.67968,0.0,0.0,0.0,8.5,352661.0,29.907739853951476,20973.133824,2.654208,4612.0,1.3239999999996144,4759.109632,0.0,1175440.0,33.5,9.5,28448.169984,419.0,0.006781842000236793,0.0008142790002239053,0.023228989000017464,,,,,,,,,,,
604,359,,,1681386408,,,,,,,,,,,,,,,,,,,,,,,,,,,,,,,3.0,0.10679548799998884,7872.0,7.192138671875,0.35087353000017174,0.49303295300069294,1.0,0.0001,0.004538825000054203,0.0,245.0
605,360,,,1681386409,9.375,0.0,3.447999999999979,8443.580416,0.008170262911076077,688011.0,0.8716090728123771,2389.11488,1196.0,6180.70016,0.0,0.0,0.0,8.5,354014.0,53.17639551252015,20953.071616,2.654208,4629.0,1.3259999999991123,4759.109632,0.0,1177549.0,33.6,9.5,28448.169984,420.0,0.006861292999928992,0.0006457960007537622,0.02428542599955108,,,,,,,,,,,
606,360,,,1681386409,,,,,,,,,,,,,,,,,,,,,,,,,,,,,,,3.0,0.10626443799992558,7904.0,7.4161376953125,0.3471352899996418,0.4894448699997156,1.0,0.0001,0.004252626999914355,0.0,246.0
607,361,,,1681386410,9.375,0.0,3.455999999999989,8446.062592,0.008172870945627572,689199.0,0.20337997794423204,2389.090304,1198.0,6180.675584,0.0,0.0,0.0,8.5,355057.0,40.61838642477041,20950.720512,2.654208,4646.0,1.326999999999316,4759.109632,0.0,1179215.0,33.6,9.5,28448.169984,422.0,0.006807118000324408,0.0007097469997461303,0.024521420000382932,,,,,0.3525185689995851,,,,,,
608,361,,,1681386410,,,,,,,,,,,,,,,,,,,,,,,,,,,,,,,3.0,0.10738492299969948,7936.0,7.105712890625,,0.4958780829992975,1.0,0.0001,0.0039363059995594085,0.0,247.0
609,362,,,1681386411,9.375,0.0,3.475999999999999,8445.018112,0.08172629893524097,690620.0,0.2561129817364094,2389.110784,1205.0,6180.696064,0.0,0.0,0.0,8.5,356069.0,25.054122745284825,20951.61344,2.654208,4663.0,1.3339999999998327,4759.109632,0.0,1180916.0,33.6,9.5,28448.169984,423.0,0.006811610000113433,0.0007113570000001346,0.024657423999997263,,0.10640421199968841,,,0.3512684759998592,,,,,,
610,362,,,1681386411,,,,,,,,,,,,,,,,,,,,,,,,,,,,,,,3.0,,7968.0,7.5262451171875,,0.4939643170000636,1.0,0.0001,0.004111238000405137,0.0,248.0
611,363,,,1681386412,9.375,0.0,3.4839999999999804,8444.66176,0.008172723203218768,691798.0,0.24014557463490874,2389.090304,1207.0,6180.675584,0.0,0.0,0.0,8.5,357023.0,30.331872969446792,20951.986176,2.654208,4676.0,1.3359999999993306,4759.109632,0.0,1182457.0,33.6,9.5,28448.169984,425.0,0.006962924000617932,0.00062024700037,0.024613309999949706,,0.1061942389997057,,,0.35089032699943346,,,,,,
612,363,,,1681386412,,,,,,,,,,,,,,,,,,,,,,,,,,,,,,,3.0,,8000.0,7.0545654296875,,0.49314758900072775,1.0,0.0001,0.003866542000650952,0.0,249.0
613,364,,,1681386413,9.375,0.0,3.4919999999999902,8446.230528,0.008171477325119953,692858.0,0.1899389680301837,2389.110784,1209.0,6180.696064,0.0,0.0,0.0,8.75,357944.0,26.688683336790135,20950.413312,2.654208,4698.0,1.337999999999738,4759.109632,0.0,1183928.0,33.6,9.5,28448.169984,427.0,0.006735433999892848,0.0007112169996617013,0.02380299099968397,,0.10657549299958191,,,0.3517074720002711,,,,,,
614,364,,,1681386413,,,,,,,,,,,,,,,,,,,,,,,,,,,,,,,3.0,,8032.0,7.4093017578125,,0.49369346799994673,1.0,0.0001,0.0041608610008552205,0.0,250.0
615,365,,,1681386414,,,,,,,,,,,,,,,,,,,,,,,,,,,,0.006608441000025778,0.0006977539997023996,0.02628344500044477,3.0,0.1057134729999234,8064.0,7.04541015625,0.34841039200000523,0.4928133550001803,1.0,0.0001,0.005099850000078732,0.0,251.0
616,365,,,1681386414,9.375,0.0,3.5079999999999814,8444.096512,0.061294418042412854,694307.0,0.21454642521828943,2389.110784,1215.0,6180.696064,0.0,0.0,0.0,8.75,359062.0,28.985124680084986,20971.687936,2.654208,4720.0,1.3429999999998472,4759.109632,0.0,1185719.0,33.5,9.5,28448.169984,428.0,0.006760579000001599,0.0006658090005657868,0.024705509999876085,,,,,,,,,,,
617,365,,,1681386414,,,,,,,,,,,,,,,,,,,,,,,,,,,,,,,3.0,0.10566565099998115,8096.0,7.3206787109375,0.35198630600007164,0.49410899100075767,1.0,0.0001,0.004325136000261409,0.0,252.0
618,366,,,1681386415,9.375,0.0,3.515999999999991,8444.030976,0.008171351005610342,695698.0,0.24312163199977316,2389.090304,1217.0,6180.675584,0.0,0.0,0.0,8.75,360394.0,52.51069754502307,20952.477696,2.654208,4736.0,1.3449999999993452,4759.109632,0.0,1187723.0,33.6,9.5,28448.169984,433.0,0.006693182999697456,0.0006535699994856259,0.024613347000013164,,,,,,,,,,,
619,366,,,1681386415,,,,,,,,,,,,,,,,,,,,,,,,,,,,,,,3.0,0.10793884600025194,8128.0,7.0582275390625,0.3513662519999343,0.4954991959994004,1.0,0.0001,0.004233998000017891,0.0,253.0
620,367,,,1681386416,9.375,0.0,3.5319999999999823,8444.157952,0.040859553573574486,696760.0,0.1915291573763572,2389.110784,1223.0,6180.696064,0.0,0.0,0.0,8.75,361383.0,37.690663760945654,20952.354816,2.654208,4750.0,1.350999999999658,4759.109632,0.0,1189256.0,33.6,9.5,28448.169984,434.0,0.0066529610003271955,0.0006218769995030016,0.025066053999580618,,,,,,,,,,,
621,367,,,1681386416,,,,,,,,,,,,,,,,,,,,,,,,,,,,,,,3.0,0.10738944700005959,8160.0,7.571044921875,0.34985926499939524,0.49384846199882304,1.0,0.0001,0.0042588579999573994,0.0,254.0
622,368,,,1681386417,9.375,0.0,3.539999999999992,8444.80512,0.00817143262465607,697900.0,0.2498351686256506,2389.090304,1225.0,6180.675584,0.0,0.0,0.0,8.75,362391.0,30.878239935114774,20951.855104,2.654208,4768.0,1.352999999999156,4759.109632,0.0,1190863.0,33.6,9.5,28448.169984,435.0,0.006807146999562974,0.0006752279996362631,0.023586125999827345,,,,,0.35442013400006545,,,,,,
623,368,,,1681386417,,,,,,,,,,,,,,,,,,,,,,,,,,,,,,,3.0,0.10696117899988167,8192.0,7.209228515625,,0.4964088079996145,1.0,0.0001,0.003958994000640814,0.0,255.0
624,369,,,1681386418,9.5,0.0,3.5519999999999925,8444.940288,0.008172357758103203,699338.0,0.2635345952018789,2389.110784,1227.0,6180.696064,0.0,0.0,0.0,10.125,363477.0,29.648851054812972,20951.580672,2.654208,4784.0,1.3549999999995634,4759.109632,0.0,1192626.0,33.6,9.875,28448.169984,436.0,0.006612825000047451,0.000587629000619927,0.023428702999808593,,0.10660325799926795,,,0.35261081699991337,,,,,,
625,369,,,1681386418,,,,,,,,,,,,,,,,,,,,,,,,,,,,,,,3.0,,8224.0,7.2655029296875,,0.493955979999555,1.0,0.0001,0.004112747999897692,0.0,256.0
626,370,,,1681386419,9.5,0.0,3.5720000000000027,8445.509632,0.04903393661509109,701024.0,0.32333348112838867,2389.090304,1231.0,6180.675584,0.0,0.0,0.0,10.125,364680.0,30.469874963183592,20951.277568,2.654208,4797.0,1.3579999999992651,4759.109632,0.0,1194637.0,33.6,9.875,28448.169984,438.0,0.006695402000332251,0.0007480399999622023,0.023967363000338082,,0.1072166809999544,,,0.3539589629999682,,,,,,
627,370,,,1681386419,,,,,,,,,,,,,,,,,,,,,,,,,,,,,,,3.0,,8256.0,7.3046875,,0.4967645900005664,1.0,0.0001,0.004178141000011237,0.0,257.0
628,371,,,1681386420,,,,,,,,,,,,,,,,,,,,,,,,,,,,0.006763488000615325,0.0006492129996331641,0.02658931199948711,3.0,0.10652984700027446,8288.0,7.4361572265625,0.35106163199998264,0.4956052200004706,1.0,0.0001,0.004011728000477888,0.0,258.0
629,371,,,1681386420,9.5,0.0,3.587999999999994,8444.383232,0.012266533661396373,702327.0,0.19735862393400916,2380.439552,1234.0,6172.024832,0.0,0.0,0.0,10.125,365587.0,25.043414216210294,20971.39712,2.654208,4835.0,1.3609999999998763,4759.109632,0.0,1196209.0,33.5,9.875,28448.169984,439.0,,,,,,,,,,,,,,
630,371,,,1681386420,,,,,,,,,,,,,,,,,,,,,,,,,,,,0.007104686000275251,0.0007335830005104071,0.024616422000690363,3.0,0.10578284800067195,8320.0,7.40283203125,0.3525694800000565,0.49505182900247746,1.0,0.0001,0.004244810000272992,0.0,259.0
631,372,,,1681386421,9.5,0.0,3.5999999999999943,8443.645952,0.008169414003553092,703735.0,0.21523693403885577,2389.110784,1236.0,6180.696064,0.0,0.0,0.0,10.125,366706.0,43.53478330437089,20972.146688,2.654208,4852.0,1.3629999999993743,4759.109632,0.0,1198059.0,33.5,9.875,28448.169984,441.0,0.006814091000705957,0.0007329179998123436,0.025409599999875354,,,,,,,,,,,
632,372,,,1681386421,,,,,,,,,,,,,,,,,,,,,,,,,,,,,,,3.0,0.10728701800053386,8352.0,7.0513916015625,0.35611297100058437,0.50112210700172,1.0,0.0001,0.004765509000208112,0.0,260.0
633,373,,,1681386422,9.5,0.0,3.6239999999999952,8444.98944,0.04493753592977066,705041.0,0.273167876416685,2389.090304,1243.0,6180.675584,0.0,0.0,0.0,10.125,367959.0,49.074940923899725,20951.666688,2.654208,4869.0,1.3699999999998909,4759.109632,0.0,1199968.0,33.6,9.875,28448.169984,441.0,0.00678264899943315,0.0006513500002256478,0.025265442000090843,,,,,,,,,,,
634,373,,,1681386422,,,,,,,,,,,,,,,,,,,,,,,,,,,,,,,3.0,0.10680662699996901,8384.0,6.9400634765625,0.35259877600037726,0.49653297499935434,1.0,0.0001,0.004428130999258428,0.0,261.0
635,374,,,1681386423,9.5,0.0,3.6319999999999766,8445.325312,0.008164997500708489,706243.0,0.19646227878460712,2389.106688,1245.0,6180.691968,0.0,0.0,0.0,10.25,369022.0,37.88186472946352,20951.322624,2.654208,4906.0,1.3719999999993888,4759.109632,0.0,1201630.0,33.6,9.875,28448.169984,443.0,0.006712733000313165,0.0006330260002869181,0.02646222499970463,,,,,0.3529133619995264,,,,,,
636,374,,,1681386423,,,,,,,,,,,,,,,,,,,,,,,,,,,,,,,3.0,0.10562219100029324,8416.0,6.9970703125,,0.49661181200008286,1.0,0.0001,0.004268274999958521,0.0,262.0
637,375,,,1681386424,9.5,0.0,3.643999999999977,8445.976576,0.044919612353286065,707430.0,0.2197009307285083,2389.086208,1249.0,6180.671488,0.0,0.0,0.0,10.25,369982.0,28.811640351455935,20950.806528,2.654208,4928.0,1.375,4759.109632,0.0,1203196.0,33.6,9.875,28448.169984,445.0,0.006802986999900895,0.0006442939993576147,0.02498296800058597,,0.1075637280000592,,,0.3528199750007843,,,,,,
638,375,,,1681386424,,,,,,,,,,,,,,,,,,,,,,,,,,,,,,,3.0,,8448.0,7.13671875,,0.49759402300151123,1.0,0.0001,0.004780071000823227,0.0,263.0
639,376,,,1681386425,9.5,0.0,3.651999999999987,8447.36512,0.008168392444689136,708577.0,0.2384388854047448,2389.106688,1251.0,6180.691968,0.0,0.0,0.0,10.25,370990.0,33.53494432153013,20949.13536,2.654208,4940.0,1.376999999999498,4759.109632,0.0,1204801.0,33.6,9.875,28448.169984,446.0,0.0067717820002144435,0.0006377919999067672,0.024781040000561916,,0.10798404999968625,,,0.355628426000294,,,,,,
640,376,,,1681386425,,,,,,,,,,,,,,,,,,,,,,,,,,,,,,,3.0,,8480.0,6.9837646484375,,0.49999618100082444,1.0,0.0001,0.0041930910001610755,0.0,264.0
641,377,,,1681386426,9.5,0.0,3.6639999999999873,8446.820352,0.008167745852044944,709674.0,0.16152834102646813,2389.086208,1253.0,6180.671488,0.0,0.0,0.0,10.25,371977.0,32.26688736813557,20949.835776,2.654208,4951.0,1.3789999999999054,4759.109632,0.0,1206372.0,33.6,9.875,28448.169984,447.0,0.006863466000140761,0.0006216250003490131,0.02453457200044795,,0.10779852399991796,,,0.35423042599995824,,,,,,
642,377,,,1681386426,,,,,,,,,,,,,,,,,,,,,,,,,,,,,,,3.0,,8512.0,7.1514892578125,,0.49831874500068807,1.0,0.0001,0.004270131999874138,0.0,265.0
643,378,,,1681386427,,,,,,,,,,,,,,,,,,,,,,,,,,,,0.006931819999408617,0.0006203060002007987,0.023726075000013225,3.0,0.10713655200015637,8544.0,7.1240234375,0.35418853200008016,0.4967948470002739,1.0,0.0001,0.004191562000414706,0.0,266.0
644,378,,,1681386427,9.5,0.0,3.687999999999988,8444.899328,0.09394667514973268,711011.0,0.21556039085517872,2389.086208,1262.0,6180.671488,0.0,0.0,0.0,10.25,372972.0,24.81506966861164,20971.02848,2.654208,4975.0,1.3889999999992142,4759.109632,0.0,1208007.0,33.5,9.875,28448.169984,449.0,0.006789877000301203,0.0006175210000947118,0.02432661399961944,,,,,,,,,,,
645,378,,,1681386427,,,,,,,,,,,,,,,,,,,,,,,,,,,,,,,3.0,0.10718962600003579,8576.0,7.23291015625,0.3541807150004388,0.4972852420005438,1.0,0.0001,0.004180889000053867,0.0,267.0
646,379,,,1681386428,9.5,0.0,3.695999999999998,8444.858368,0.008172898161917082,712230.0,0.25146028266414544,2389.106688,1264.0,6180.691968,0.0,0.0,0.0,10.5,374156.0,43.899501324698406,20951.793664,2.654208,4985.0,1.3909999999996217,4759.109632,0.0,1209817.0,33.6,9.875,28448.169984,450.0,0.006727680999574659,0.0007803030002833111,0.024447140999654948,,,,,,,,,,,
647,379,,,1681386428,,,,,,,,,,,,,,,,,,,,,,,,,,,,,,,3.0,0.10808587600058672,8608.0,7.3385009765625,0.35398900600011984,0.49819675700018706,1.0,0.0001,0.004166749999967578,0.0,268.0
648,380,,,1681386429,9.5,0.0,3.7039999999999793,8445.693952,0.008172443284881682,713572.0,0.2432738439072835,2389.086208,1266.0,6180.671488,0.0,0.0,0.0,10.5,375341.0,45.999945794899006,20950.81472,2.654208,5000.0,1.3929999999991196,4759.109632,0.0,1211699.0,33.6,9.875,28448.169984,450.0,0.006890717999340268,0.0006640809997406905,0.0247184109994123,,,,,,,,,,,
649,380,,,1681386429,,,,,,,,,,,,,,,,,,,,,,,,,,,,,,,3.0,0.10696061799990275,8640.0,7.2747802734375,0.3533722629999829,0.49669237999842153,1.0,0.0001,0.004086289000042598,0.0,269.0
650,381,,,1681386430,9.5,0.0,3.711999999999989,8446.287872,0.00816669170825958,714965.0,0.27407066471247676,2389.106688,1268.0,6180.691968,0.0,0.0,0.0,10.5,376425.0,33.833878006671405,20950.36416,2.654208,5012.0,1.394999999999527,4759.109632,0.0,1213477.0,33.6,9.875,28448.169984,452.0,0.006796667000344314,0.0006224119997568778,0.02442395799971564,,,,,0.35244629499993607,,,,,,
651,381,,,1681386430,,,,,,,,,,,,,,,,,,,,,,,,,,,,,,,3.0,0.10697906799941848,8672.0,7.176025390625,,0.4955006169993794,1.0,0.0001,0.004232217000208038,0.0,270.0
652,382,,,1681386431,9.5,0.0,3.7239999999999895,8479.809536,0.00816855362789072,716737.0,0.25115909270925035,2389.110784,1270.0,6180.70016,0.0,0.0,0.0,10.5,377764.0,60.303661118648854,20916.699136,2.654208,5031.0,1.3969999999999345,4759.109632,0.0,1215692.0,33.7,9.875,28448.169984,453.0,0.0067925469993497245,0.000726850999853923,0.02375092600050266,,0.10671966500012786,,,0.3517114969999966,,,,,,
653,382,,,1681386431,,,,,,,,,,,,,,,,,,,,,,,,,,,,,,,3.0,,8704.0,7.1888427734375,,0.4937895989996832,1.0,0.0001,0.004088112999852456,0.0,271.0
654,383,,,1681386432,9.5,0.0,3.7399999999999807,8478.45376,0.00816811088480445,717832.0,0.21007360178115717,2389.131264,1272.0,6180.72064,0.0,0.0,0.0,10.5,378609.0,28.026662959469856,20918.198272,2.654208,5041.0,1.3979999999992287,4759.109632,0.0,1217103.0,33.7,9.875,28448.169984,454.0,0.006863390999569674,0.0006068819993743091,0.023629422999874805,,0.10798930100008874,,,0.3552956789999371,,,,,,
655,383,,,1681386432,,,,,,,,,,,,,,,,,,,,,,,,,,,,,,,3.0,,8736.0,6.8812255859375,,0.4983419149984911,1.0,0.0001,0.003957238999646506,0.0,272.0
656,384,,,1681386433,9.625,0.0,3.7479999999999905,8477.94176,0.032704288177964974,718945.0,0.18791392146982583,2389.110784,1276.0,6180.70016,0.0,0.0,0.0,10.625,379423.0,30.380072028448453,20918.562816,2.654208,5060.0,1.4019999999991342,4759.109632,0.0,1218507.0,33.7,10.0,28448.169984,456.0,0.006673316999695089,0.0006895039996379637,0.0245219750004253,,0.10839292400032718,,,0.3550207469997986,,,,,,
657,384,,,1681386433,,,,,,,,,,,,,,,,,,,,,,,,,,,,,,,3.0,,8768.0,7.01806640625,,0.49928571799955535,1.0,0.0001,0.003987250999671232,0.0,273.0
658,385,,,1681386434,,,,,,,,,,,,,,,,,,,,,,,,,,,,0.006853027000033762,0.0006982079994486412,0.024545580000449263,3.0,0.10759305499959737,8800.0,7.0028076171875,0.35520872799952485,0.4991527299989684,1.0,0.0001,0.004254131999914534,0.0,274.0
659,385,,,1681386434,9.625,0.0,3.7680000000000007,8477.638656,0.012258306304728522,720541.0,0.2535139049624548,2389.110784,1279.0,6180.70016,0.0,0.0,0.0,10.625,380505.0,32.817664695573875,20938.289152,2.654208,5085.0,1.4039999999995416,4759.109632,0.0,1220390.0,33.6,10.0,28448.169984,458.0,0.006708961000185809,0.0006878479998704279,0.024312137000379153,,,,,,,,,,,
660,385,,,1681386434,,,,,,,,,,,,,,,,,,,,,,,,,,,,,,,3.0,0.10799434900036431,8832.0,7.3614501953125,0.35382002599999396,0.49817401000109385,1.0,0.0001,0.00465068900030019,0.0,275.0
661,386,,,1681386435,9.625,0.0,3.775999999999982,8476.491776,0.008172958427203203,721753.0,0.20297510324072066,2389.131264,1281.0,6180.72064,0.0,0.0,0.0,10.625,381686.0,45.7436891474581,20920.15616,2.654208,5100.0,1.405999999999949,4759.109632,0.0,1222144.0,33.7,10.0,28448.169984,460.0,0.007054375000734581,0.0006412459997591213,0.026058410000587173,,,,,,,,,,,
662,386,,,1681386435,,,,,,,,,,,,,,,,,,,,,,,,,,,,,,,3.0,0.10687426599997707,8864.0,7.0816650390625,0.3548899710003752,0.4996313090014155,1.0,0.0001,0.004113040999982331,0.0,276.0
663,387,,,1681386436,9.625,0.0,3.783999999999992,8480.485376,0.008170257079130813,722849.0,0.21640010992539233,2389.106688,1283.0,6180.696064,0.0,0.0,0.0,10.625,382744.0,39.22271540449484,20916.158464,2.654208,5112.0,1.407999999999447,4759.109632,0.0,1223770.0,33.7,10.0,28448.169984,462.0,0.007153657000344538,0.0007428460003211512,0.024094676000459003,,,,,,,,,,,
664,387,,,1681386436,,,,,,,,,,,,,,,,,,,,,,,,,,,,,,,3.0,0.10798433400032081,8896.0,7.34033203125,0.3565815700003441,0.5008448760017927,1.0,0.0001,0.004287793000003148,0.0,277.0
665,388,,,1681386437,9.625,0.0,3.7920000000000016,8480.329728,0.00817316644647064,723935.0,0.21788991289159942,2389.127168,1285.0,6180.716544,0.0,0.0,0.0,10.625,383653.0,29.848938626033647,20916.314112,2.654208,5128.0,1.4099999999998545,4759.109632,0.0,1225263.0,33.7,10.0,28448.169984,463.0,0.006735576000210131,0.0007830499998817686,0.024119636999785143,,,,,0.3549422770001911,,,,,,
666,388,,,1681386437,,,,,,,,,,,,,,,,,,,,,,,,,,,,,,,3.0,0.10673276000034093,8928.0,7.239990234375,,0.49765905200092675,1.0,0.0001,0.0043457520005176775,0.0,278.0
667,389,,,1681386438,9.625,0.0,3.804000000000002,8480.960512,0.036776869513986836,725065.0,0.19604753096384178,2389.106688,1289.0,6180.696064,0.0,0.0,0.0,11.75,384585.0,26.708275676844544,20915.699712,2.654208,5143.0,1.4129999999995562,4759.109632,0.0,1226804.0,33.7,10.25,28448.169984,465.0,0.006891265000376734,0.0007349810002779122,0.025087394999900425,,0.10811451399968064,,,0.3556680450001295,,,,,,
668,389,,,1681386438,,,,,,,,,,,,,,,,,,,,,,,,,,,,,,,3.0,,8960.0,7.3946533203125,,0.5010330500008422,1.0,0.0001,0.0045368500004769885,0.0,279.0
669,390,,,1681386439,9.625,0.0,3.8119999999999834,8481.370112,0.008172353866935643,726374.0,0.8629255489761071,2389.127168,1291.0,6180.716544,0.0,0.0,0.0,11.75,385665.0,37.32652398692379,20915.290112,2.654208,5154.0,1.4149999999999636,4759.109632,0.0,1228572.0,33.7,10.25,28448.169984,466.0,0.006739559999914491,0.0007274960007634945,0.024974036000458,,0.10815069699947344,,,0.35615752800003975,,,,,,
670,390,,,1681386439,,,,,,,,,,,,,,,,,,,,,,,,,,,,,,,3.0,,8992.0,7.1484375,,0.5008929929999795,1.0,0.0001,0.0041436759993302985,0.0,280.0
671,391,,,1681386440,9.625,0.0,3.819999999999993,8482.63168,0.008171496758679007,727727.0,0.2682549169694318,2389.106688,1293.0,6180.696064,0.0,0.0,0.0,11.75,386729.0,29.445238447929214,20914.028544,2.654208,5175.0,1.4159999999992579,4759.109632,0.0,1230316.0,33.7,10.25,28448.169984,467.0,0.006710014999953273,0.0006374670001605409,0.02479809899978136,,0.10836957199990138,,,0.3567636690004292,,,,,,
672,391,,,1681386440,,,,,,,,,,,,,,,,,,,,,,,,,,,,,,,3.0,,9024.0,7.0029296875,,0.5014380289994733,1.0,0.0001,0.0041592069992475444,0.0,281.0
673,392,,,1681386441,,,,,,,,,,,,,,,,,,,,,,,,,,,,0.006730705999871134,0.0007141209998735576,0.024321601999872655,3.0,0.10728317200027959,9056.0,7.220947265625,0.3588205139994898,0.5021450029989865,1.0,0.0001,0.004274887999599741,0.0,282.0
674,392,,,1681386441,9.625,0.0,3.8359999999999843,8479.817728,0.08169689831945894,729333.0,0.2493191477017936,2389.106688,1299.0,6180.696064,0.0,0.0,0.0,11.75,387842.0,33.66959750071453,20936.11008,2.654208,5196.0,1.420999999999367,4759.109632,0.0,1232206.0,33.7,10.25,28448.169984,471.0,0.00672405999921466,0.0006579869996130583,0.024476394999510376,,,,,,,,,,,
675,392,,,1681386441,,,,,,,,,,,,,,,,,,,,,,,,,,,,,,,3.0,0.10785238900007244,9088.0,7.2735595703125,0.3564799600007973,0.5003934739988836,1.0,0.0001,0.004202682999675744,0.0,283.0
676,393,,,1681386442,9.625,0.0,3.843999999999994,8482.545664,0.008170249311682816,730436.0,0.21616852009318555,2389.127168,1301.0,6180.716544,0.0,0.0,0.0,11.75,388977.0,42.35604849625161,20914.253824,2.654208,5208.0,1.4229999999997744,4759.109632,0.0,1233901.0,33.7,10.25,28448.169984,473.0,0.006808080999689992,0.0006550719999722787,0.023869112000284076,,,,,,,,,,,
677,393,,,1681386442,,,,,,,,,,,,,,,,,,,,,,,,,,,,,,,3.0,0.10770967699954781,9120.0,7.125732421875,0.35526553399995464,0.49851896299969667,1.0,0.0001,0.004211487000247871,0.0,284.0
678,394,,,1681386443,9.625,0.0,3.8559999999999945,8483.77856,0.008172322766762354,731466.0,0.1899586196789655,2389.106688,1303.0,6180.696064,0.0,0.0,0.0,11.875,389885.0,31.422604990109754,20913.020928,2.654208,5219.0,1.4249999999992724,4759.109632,0.0,1235372.0,33.7,10.25,28448.169984,474.0,0.006772980999812717,0.0006672680001429399,0.03156158299952949,,,,,,,,,,,
679,394,,,1681386443,,,,,,,,,,,,,,,,,,,,,,,,,,,,,,,3.0,0.10766217299988057,9152.0,7.044189453125,0.34841021400006866,0.5003854939996017,1.0,0.0001,0.00531127500016737,0.0,285.0
680,395,,,1681386444,9.625,0.0,3.867999999999995,8482.988032,0.00817176106425934,732609.0,0.23834569109486609,2389.127168,1305.0,6180.716544,0.0,0.0,0.0,11.875,390941.0,31.338607914215146,20913.811456,2.654208,5231.0,1.4259999999994761,4759.109632,0.0,1237007.0,33.7,10.25,28448.169984,475.0,0.006736800999533443,0.0006771510006728931,0.023767414999383618,,,,,0.3583976059999259,,,,,,
681,395,,,1681386444,,,,,,,,,,,,,,,,,,,,,,,,,,,,,,,3.0,0.10810200400010217,9184.0,6.964599609375,,0.5017083259990613,1.0,0.0001,0.0040273489994433476,0.0,286.0
682,396,,,1681386445,9.625,0.0,3.8799999999999955,8483.61472,0.008172618231595291,734005.0,0.22932813694336177,2389.106688,1307.0,6180.696064,0.0,0.0,0.0,11.875,392075.0,43.478648228939235,20913.180672,2.654208,5249.0,1.4279999999998836,4759.109632,0.0,1238861.0,33.7,10.25,28448.169984,476.0,0.006780382000215468,0.0007327620005526114,0.024240272000497498,,0.10774167399995349,,,0.3579466749997664,,,,,,
683,396,,,1681386445,,,,,,,,,,,,,,,,,,,,,,,,,,,,,,,3.0,,9216.0,7.2230224609375,,0.5016547850009374,1.0,0.0001,0.004213019999951939,0.0,287.0
684,397,,,1681386446,9.625,0.0,3.891999999999996,8482.83648,0.03677151678003838,735170.0,0.18708945549419326,2389.127168,1311.0,6180.716544,0.0,0.0,0.0,11.875,393007.0,32.385890971359466,20913.95072,2.654208,5261.0,1.431999999999789,4759.109632,0.0,1240440.0,33.7,10.25,28448.169984,477.0,0.006792731000132335,0.0006989120001890115,0.024637122999592975,,0.10715159799929097,,,0.3548657160008588,,,,,,
685,397,,,1681386446,,,,,,,,,,,,,,,,,,,,,,,,,,,,,,,3.0,,9248.0,7.339599609375,,0.49839104100010445,1.0,0.0001,0.004244961000040348,0.0,288.0
686,398,,,1681386447,9.625,0.0,3.8999999999999773,8482.394112,0.008172495768109312,736342.0,0.2453664159050754,2389.106688,1313.0,6180.696064,0.0,0.0,0.0,11.875,393911.0,28.99381223816747,20914.266112,2.654208,5272.0,1.4329999999999927,4759.109632,0.0,1241954.0,33.7,10.25,28448.169984,479.0,0.0067605859994728235,0.000710807999894314,0.026397624000310316,,0.10894560899942007,,,0.3528518000002805,,,,,,
687,398,,,1681386447,,,,,,,,,,,,,,,,,,,,,,,,,,,,,,,3.0,,9280.0,7.4398193359375,,0.500711358999979,1.0,0.0001,0.005044932000600966,0.0,289.0
688,399,,,1681386448,,,,,,,,,,,,,,,,,,,,,,,,,,,,0.006778879000194138,0.0006694090006931219,0.024536441000236664,3.0,0.10802937099924748,9312.0,7.2930908203125,0.3570914520005317,0.5012989610013392,1.0,0.0001,0.004193409000436077,0.0,290.0
689,399,,,1681386448,9.75,0.0,3.915999999999997,8481.705984,0.012258081808203395,738538.0,0.2954947885187185,2389.106688,1316.0,6180.696064,0.0,0.0,0.0,11.875,395530.0,65.87538653735525,20934.230016,2.654208,5293.0,1.4359999999996944,4759.109632,0.0,1244693.0,33.7,10.25,28448.169984,480.0,0.006707426000502892,0.000612517000263324,0.024568056000134675,,,,,,,,,,,
690,399,,,1681386448,,,,,,,,,,,,,,,,,,,,,,,,,,,,,,,3.0,0.10846657000001869,9344.0,7.2965087890625,0.3584516999999323,0.5033180650007125,1.0,0.0001,0.004511795999860624,0.0,291.0
691,400,,,1681386449,9.75,0.0,3.923999999999978,8483.98336,0.00816079316407303,740076.0,0.2359138664048292,2389.123072,1318.0,6180.712448,0.0,0.0,0.0,11.875,396837.0,47.74705547042315,20912.676864,2.654208,5305.0,1.4379999999991924,4759.109632,0.0,1246770.0,33.7,10.25,28448.169984,480.0,0.006752538999535318,0.000760213000830845,0.024297756999658304,,,,,,,,,,,
692,400,,,1681386449,,,,,,,,,,,,,,,,,,,,,,,,,,,,,,,3.0,0.10720233800020651,9376.0,7.044677734375,0.35602384699996037,0.499251940999784,1.0,0.0001,0.004215246999592637,0.0,292.0
693,401,,,1681386450,9.75,0.0,3.9359999999999786,8485.289984,0.008165521410964063,741466.0,0.2980016607658031,2389.102592,1320.0,6180.691968,0.0,0.0,0.0,11.875,397906.0,34.68278904154799,20911.37024,2.654208,5324.0,1.438999999999396,4759.109632,0.0,1248525.0,33.7,10.25,28448.169984,481.0,0.006840250000095693,0.0006820280004831147,0.024346855999283434,,,,,,,,,,,
694,401,,,1681386450,,,,,,,,,,,,,,,,,,,,,,,,,,,,,,,3.0,0.10674356100025761,9408.0,7.443115234375,0.3581637249999403,0.5045937509994474,1.0,0.0001,0.007817330999387195,0.0,293.0
695,402,,,1681386451,9.75,0.0,3.947999999999979,8485.433344,0.036764880508971046,742678.0,0.21134221350974938,2389.123072,1324.0,6180.712448,0.0,0.0,0.0,11.875,398845.0,25.374541290413614,20911.214592,2.654208,5347.0,1.4419999999990978,4759.109632,0.0,1250083.0,33.7,10.25,28448.169984,483.0,0.006798772000365716,0.0006424610000976827,0.023574107000058575,,,,,0.3573516619999282,,,,,,
696,402,,,1681386451,,,,,,,,,,,,,,,,,,,,,,,,,,,,,,,3.0,0.10804339700007404,9440.0,7.38671875,,0.50052279800002,1.0,0.0001,0.004112398999495781,0.0,294.0
697,403,,,1681386452,9.75,0.0,3.955999999999989,8486.0928,0.008171007061174278,743908.0,0.16977980196766843,2389.102592,1326.0,6180.691968,0.0,0.0,0.0,11.875,399840.0,30.49802052811207,20910.706688,2.654208,5364.0,1.4439999999995052,4759.109632,0.0,1251738.0,33.7,10.25,28448.169984,485.0,0.006965054999454878,0.0007621989998369827,0.0273870139999417,,0.10880173099940293,,,0.35488007000003563,,,,,,
698,403,,,1681386452,,,,,,,,,,,,,,,,,,,,,,,,,,,,,,,3.0,,9472.0,7.181884765625,,0.5040818399984346,1.0,0.0001,0.0052857709997624625,0.0,295.0
699,404,,,1681386453,9.75,0.0,3.9679999999999893,8486.162432,0.008171119764130303,745062.0,0.26899262422645137,2389.123072,1328.0,6180.712448,0.0,0.0,0.0,13.0,400757.0,25.297491540625597,20910.493696,2.654208,5376.0,1.4459999999999127,4759.109632,0.0,1253275.0,33.7,10.5,28448.169984,486.0,0.0068684990001202095,0.0006879000002300018,0.024994219000291196,,0.10766686599981767,,,0.35991000899957726,,,,,,
700,404,,,1681386453,,,,,,,,,,,,,,,,,,,,,,,,,,,,,,,3.0,,9504.0,7.199951171875,,0.5041554669996913,1.0,0.0001,0.004027973999654932,0.0,296.0
701,405,,,1681386454,9.75,0.0,3.9799999999999898,8485.793792,0.07355293425721132,746236.0,0.22226298459381683,2389.102592,1333.0,6180.691968,0.0,0.0,0.0,13.0,401798.0,28.479000201070807,20910.854144,2.654208,5391.0,1.449999999999818,4759.109632,0.0,1254908.0,33.7,10.5,28448.169984,489.0,0.006826703000115231,0.0007749749993308797,0.024579434999395744,,0.10847023699989222,,,0.35875803399994766,,,,,,
702,405,,,1681386454,,,,,,,,,,,,,,,,,,,,,,,,,,,,,,,3.0,,9536.0,7.4208984375,,0.5041677459985294,1.0,0.0001,0.004758361999847693,0.0,297.0
703,406,,,1681386455,,,,,,,,,,,,,,,,,,,,,,,,,,,,0.006725850999828253,0.0005760860003647394,0.023479928000597283,3.0,0.10859096500007581,9568.0,6.9423828125,0.36072713500016107,0.5039114650016927,1.0,0.0001,0.0038115000006655464,0.0,298.0
704,406,,,1681386455,9.75,0.0,3.995999999999981,8483.590144,0.020446232524883312,747749.0,0.2001813953318459,2389.102592,1338.0,6180.691968,0.0,0.0,0.0,13.0,402989.0,44.08944915060219,20932.48512,2.654208,5410.0,1.4549999999999272,4759.109632,0.0,1256887.0,33.7,10.5,28448.169984,491.0,0.006835553999735566,0.0005940800001553725,0.023295712999242824,,,,,,,,,,,
705,406,,,1681386455,,,,,,,,,,,,,,,,,,,,,,,,,,,,,,,3.0,0.10798816299939062,9600.0,7.2379150390625,0.35769416200037085,0.5002886419988499,1.0,0.0001,0.0038809699999546865,0.0,299.0
706,407,,,1681386456,9.75,0.0,4.003999999999991,8484.704256,0.00817189905411278,748993.0,0.2132195301809567,2389.123072,1340.0,6180.712448,0.0,0.0,0.0,13.0,404225.0,48.20163532946846,20911.955968,2.654208,5426.0,1.4569999999994252,4759.109632,0.0,1258749.0,33.7,10.5,28448.169984,491.0,0.006691829999908805,0.0006561079999301,0.02445480000005773,,,,,,,,,,,
707,407,,,1681386456,,,,,,,,,,,,,,,,,,,,,,,,,,,,,,,3.0,0.10786486899996817,9632.0,7.204345703125,0.3578970200005642,0.5021170570007598,1.0,0.0001,0.004552430000330787,0.0,300.0
708,408,,,1681386457,9.75,0.0,4.0120000000000005,8485.879808,0.00817267265735998,750189.0,0.2220269342930701,2389.102592,1342.0,6180.691968,0.0,0.0,0.0,13.0,405272.0,38.27905087223367,20910.780416,2.654208,5437.0,1.4589999999998327,4759.109632,0.0,1260456.0,33.7,10.5,28448.169984,492.0,0.0067271249999976135,0.000875536999956239,0.024591686000349,,,,,,,,,,,
709,408,,,1681386457,,,,,,,,,,,,,,,,,,,,,,,,,,,,,,,3.0,0.10788710100041499,9664.0,7.072021484375,0.35570503100007045,0.5004210750012135,1.0,0.0001,0.004634595000425179,0.0,301.0
710,409,,,1681386458,9.75,0.0,4.024000000000001,8483.311616,0.08575246420028464,751385.0,0.18035772186710874,2389.123072,1348.0,6180.712448,0.0,0.0,0.0,12.875,406019.0,12.906168562922929,20913.348608,2.654208,5456.0,1.4639999999999418,4759.109632,0.0,1261836.0,33.7,10.625,28448.169984,494.0,0.006816183999944769,0.0007171890001700376,0.02525079099996219,,,,,0.3591460340003323,,,,,,
711,409,,,1681386458,,,,,,,,,,,,,,,,,,,,,,,,,,,,,,,3.0,0.10837651000019832,9696.0,7.150390625,,0.504579898000884,1.0,0.0001,0.004273190000276372,0.0,302.0
712,410,,,1681386459,9.75,0.0,4.039999999999992,8487.653376,0.049002957220325265,752792.0,0.24606758401163434,2389.102592,1352.0,6180.691968,0.0,0.0,0.0,12.875,407452.0,57.39843831615022,20908.99456,2.654208,5470.0,1.4679999999998472,4759.109632,0.0,1263946.0,33.7,10.625,28448.169984,495.0,0.006603361000088626,0.0007368769993263413,0.023793649000253936,,0.10837390800043067,,,0.359180701000696,,,,,,
713,410,,,1681386459,,,,,,,,,,,,,,,,,,,,,,,,,,,,,,,3.0,,9728.0,7.2591552734375,,0.502877593001358,1.0,0.0001,0.0041890970005624695,0.0,303.0
714,411,,,1681386460,9.75,0.0,4.048000000000002,8487.739392,0.00816985300639154,754175.0,0.28998191146010055,2389.123072,1354.0,6180.712448,0.0,0.0,0.0,12.875,408542.0,31.470201970864426,20908.900352,2.654208,5484.0,1.4699999999993452,4759.109632,0.0,1265723.0,33.7,10.625,28448.169984,496.0,0.006951346999812813,0.0007118390003597597,0.02469073600059346,,0.10897123199993075,,,0.35877069599973765,,,,,,
715,411,,,1681386460,,,,,,,,,,,,,,,,,,,,,,,,,,,,,,,3.0,,9760.0,7.0640869140625,,0.5042930350009556,1.0,0.0001,0.004197185000521131,0.0,304.0
716,412,,,1681386461,9.75,0.0,4.055999999999983,8508.526592,0.008171455948311755,757349.0,0.5117374286768384,2389.098496,1356.0,6180.687872,0.0,0.0,0.0,12.875,410468.0,115.99919564794001,20888.24832,2.654208,5506.0,1.470999999999549,4759.109632,0.0,1269308.0,33.8,10.625,28448.169984,497.0,0.006745491999936348,0.000714990999767906,0.023597675999553758,,0.10842964099992969,,,0.35766497700024047,,,,,,
717,412,,,1681386461,,,,,,,,,,,,,,,,,,,,,,,,,,,,,,,3.0,,9792.0,7.1759033203125,,0.5011246819994994,1.0,0.0001,0.003971905000071274,0.0,305.0
718,413,,,1681386462,,,,,,,,,,,,,,,,,,,,,,,,,,,,0.006944022999959998,0.0010234460005449364,0.02435228800004552,3.0,0.1089835149996361,9824.0,7.3521728515625,0.3605540729995482,0.5063630879994889,1.0,0.0001,0.004505742999754148,0.0,306.0
719,413,,,1681386462,9.75,0.0,4.067999999999984,8507.383808,0.012258026415117232,758497.0,0.21012619503112767,2389.098496,1359.0,6180.687872,0.0,0.0,0.0,12.875,411358.0,25.248876917240413,20908.544,2.654208,5531.0,1.4739999999992506,4759.109632,0.0,1270780.0,33.7,10.625,28448.169984,498.0,0.0068772909999097465,0.0007796469999448163,0.024601633000202128,,,,,,,,,,,
720,414,,,1681386463,,,,,,,,,,,,,,,,,,,,,,,,,,,,,,,3.0,0.10785083199971268,9856.0,7.045166015625,0.35775989500052674,0.5024384610005654,1.0,0.0001,0.004569163000269327,0.0,307.0
721,414,,,1681386463,9.875,0.0,4.075999999999993,8507.0848,0.008172103132156647,760000.0,0.20656905999327382,2389.118976,1361.0,6180.708352,0.0,0.0,0.0,12.875,412433.0,49.30350325541799,20908.699648,2.654208,5548.0,1.475999999999658,4759.109632,0.0,1272646.0,33.7,10.625,28448.169984,499.0,0.006802760000027774,0.0007711219996053842,0.024199118000069575,,,,,,,,,,,
722,414,,,1681386463,,,,,,,,,,,,,,,,,,,,,,,,,,,,,,,3.0,0.10816264499953832,9888.0,7.203125,0.3593615839999984,0.5040543589993831,1.0,0.0001,0.004757130000143661,0.0,308.0
723,415,,,1681386464,9.875,0.0,4.087999999999994,8508.063744,0.032689213327984704,761523.0,0.22771516696299035,2389.098496,1365.0,6180.687872,0.0,0.0,0.0,12.875,413911.0,66.24275148139131,20888.584192,2.654208,5561.0,1.4789999999993597,4759.109632,0.0,1274891.0,33.8,10.625,28448.169984,499.0,0.006833340999946813,0.0009082119995582616,0.024656248999235686,,,,,,,,,,,
724,415,,,1681386464,,,,,,,,,,,,,,,,,,,,,,,,,,,,,,,3.0,0.10749772300005134,9920.0,7.16162109375,0.3562456010004098,0.5007138439996197,1.0,0.0001,0.004572718000417808,0.0,309.0
725,416,,,1681386465,9.875,0.0,4.099999999999994,8508.923904,0.008170573763066288,762606.0,0.19169729951914657,2389.118976,1367.0,6180.708352,0.0,0.0,0.0,12.875,414957.0,43.33354758025583,20887.584768,2.654208,5583.0,1.4809999999997672,4759.109632,0.0,1276504.0,33.8,10.625,28448.169984,501.0,0.006784875999983342,0.0008922550005081575,0.026266484999723616,,,,,0.35813139199945,,,,,,
726,416,,,1681386465,,,,,,,,,,,,,,,,,,,,,,,,,,,,,,,3.0,0.10718309200001386,9952.0,6.79443359375,,0.503613421999944,1.0,0.0001,0.004355322000265005,0.0,310.0
727,417,,,1681386466,9.875,0.0,4.111999999999995,8509.579264,0.008172184766228245,763900.0,0.2259880429637925,2389.098496,1369.0,6180.687872,0.0,0.0,0.0,12.875,415981.0,31.641422506527327,20887.076864,2.654208,5598.0,1.4829999999992651,4759.109632,0.0,1278172.0,33.8,10.625,28448.169984,502.0,0.006806389999837847,0.0006253510000533424,0.024985551000099804,,0.10816110799987655,,,0.3570330169995941,,,,,,
728,417,,,1681386466,,,,,,,,,,,,,,,,,,,,,,,,,,,,,,,3.0,,9984.0,7.352783203125,,0.501619371999368,1.0,0.0001,0.00400795499990636,0.0,311.0
729,418,,,1681386467,9.875,0.0,4.123999999999995,8509.632512,0.008172606568248024,765131.0,0.24576879555106845,2389.118976,1371.0,6180.708352,0.0,0.0,0.0,12.875,416879.0,28.397389559186678,20886.884352,2.654208,5615.0,1.4849999999996726,4759.109632,0.0,1279720.0,33.8,10.625,28448.169984,503.0,0.006796226000005845,0.0005963890007478767,0.025560051000866224,,0.10842541500005609,,,0.35801436499968986,,,,,,
730,418,,,1681386467,,,,,,,,,,,,,,,,,,,,,,,,,,,,,,,3.0,,10016.0,7.1998291015625,,0.5035683080013769,1.0,0.0001,0.004175862000010966,0.0,312.0
731,419,,,1681386468,9.875,0.0,4.135999999999996,8509.1328,0.07353378249810558,766168.0,0.21377138679984029,2389.098496,1376.0,6180.687872,0.0,0.0,0.0,12.875,417760.0,25.890059149401903,20887.662592,2.654208,5632.0,1.488999999999578,4759.109632,0.0,1281146.0,33.8,10.625,28448.169984,505.0,0.006670053000561893,0.0007532330000685761,0.02452913700017234,,0.10814526200010732,,,0.3581535069997699,,,,,,
732,419,,,1681386468,,,,,,,,,,,,,,,,,,,,,,,,,,,,,,,3.0,,10048.0,7.3046875,,0.5026779110012285,1.0,0.0001,0.0044267190005484736,0.0,313.0
733,420,,,1681386469,,,,,,,,,,,,,,,,,,,,,,,,,,,,0.006779895000363467,0.0006335640000543208,0.025075345000004745,3.0,0.10827190000054543,10080.0,7.2353515625,0.35695678800038877,0.5019642850020318,1.0,0.0001,0.004246793000675098,0.0,314.0
734,420,,,1681386469,9.875,0.0,4.1559999999999775,8508.19072,0.012249315526599877,767531.0,0.8621093788296114,2389.098496,1379.0,6180.687872,0.0,0.0,0.0,12.875,418834.0,30.97552841604118,20907.466752,2.654208,5651.0,1.4919999999992797,4759.109632,0.0,1282907.0,33.7,10.625,28448.169984,506.0,0.006790000999899348,,,,,,,,,,,,,
735,421,,,1681386470,,,,,,,,,,,,,,,,,,,,,,,,,,,,,0.0006905549998919014,0.02544929699979548,3.0,0.10773420599980454,10112.0,7.0675048828125,0.3567506740000681,0.5012960849999217,1.0,0.0001,0.003881352000462357,0.0,315.0
736,421,,,1681386470,9.875,0.0,4.167999999999978,8507.445248,0.008169788901795283,769367.0,0.30476344356009694,2389.118976,1381.0,6180.708352,0.0,0.0,0.0,12.875,420185.0,46.87267187360402,20897.128448,2.654208,5681.0,1.4939999999996871,4759.109632,0.0,1285155.0,33.8,10.625,28448.169984,507.0,0.006815942000685027,0.0005853650000062771,0.024585635000221373,,,,,,,,,,,
737,421,,,1681386470,,,,,,,,,,,,,,,,,,,,,,,,,,,,,,,3.0,0.10841576999973768,10144.0,7.2623291015625,0.3579909919999409,0.502537251000831,1.0,0.0001,0.004143547000239778,0.0,316.0
738,422,,,1681386471,9.875,0.0,4.175999999999988,8508.162048,0.008171821312777114,770686.0,0.1880396734240473,2389.098496,1383.0,6180.687872,0.0,0.0,0.0,12.875,421312.0,41.665722779764344,20888.498176,2.654208,5696.0,1.495999999999185,4759.109632,0.0,1286944.0,33.8,10.625,28448.169984,509.0,0.006813250999584852,0.0007444689999829279,0.02460512600009679,,,,,,,,,,,
739,422,,,1681386471,,,,,,,,,,,,,,,,,,,,,,,,,,,,,,,3.0,0.10754704599912657,10176.0,7.00732421875,0.35754266000003554,0.5014938729991627,1.0,0.0001,0.004241321000336029,0.0,317.0
740,423,,,1681386472,9.875,0.0,4.1839999999999975,8509.485056,0.008172606564618658,771806.0,0.22044488864180364,2389.118976,1385.0,6180.708352,0.0,0.0,0.0,12.875,422336.0,36.04564041196444,20887.310336,2.654208,5716.0,1.4979999999995925,4759.109632,0.0,1288588.0,33.8,10.625,28448.169984,511.0,0.006913528000040969,0.0006811599996581208,0.02465708599993377,,,,,,,,,,,
741,423,,,1681386472,,,,,,,,,,,,,,,,,,,,,,,,,,,,,,,3.0,0.10917066500041983,10208.0,7.21533203125,0.36304966200077615,0.5090729560015461,1.0,0.0001,0.004600855000717274,0.0,318.0
742,424,,,1681386473,9.875,0.0,4.203999999999979,8509.943808,0.036781287564764654,772964.0,0.22514170941276068,2389.098496,1389.0,6180.687872,0.0,0.0,0.0,12.875,423259.0,29.952547787730236,20886.859776,2.654208,5741.0,1.501999999999498,4759.109632,0.0,1290139.0,33.8,10.625,28448.169984,512.0,0.006548555000335909,0.0007080959994709701,0.0239248799998677,,0.10901680099959776,,,0.3581857539993507,,,,,,
743,424,,,1681386473,,,,,,,,,,,,,,,,,,,,,,,,,,,,,,,3.0,,10240.0,7.2884521484375,,0.5026842169991141,1.0,0.0001,0.004300131000491092,0.0,319.0
744,425,,,1681386474,9.875,0.0,4.211999999999989,8511.410176,0.008173948071436172,774163.0,0.24509072417576958,2389.118976,1391.0,6180.708352,0.0,0.0,0.0,12.875,424401.0,32.47307614334408,20885.225472,2.654208,5757.0,1.5039999999999054,4759.109632,0.0,1291842.0,33.8,10.625,28448.17408,514.0,0.006755567000254814,0.000595712000176718,0.023815646000002744,,0.108206734000305,,,0.3602166169994234,,,,,,
745,425,,,1681386474,,,,,,,,,,,,,,,,,,,,,,,,,,,,,,,3.0,,10272.0,7.1214599609375,,0.5037534140001299,1.0,0.0001,0.004163137999967148,0.0,320.0
746,426,,,1681386475,9.875,0.0,4.219999999999999,8512.495616,0.008171955413877005,775376.0,0.20911906224947405,2389.0944,1393.0,6180.683776,0.0,0.0,0.0,12.875,425377.0,27.459613677197307,20884.148224,2.654208,5771.0,1.5049999999991996,4759.109632,0.0,1293431.0,33.8,10.625,28448.169984,515.0,0.00675346099978924,0.000659141999676649,0.023414400999172358,,0.10817344499992032,,,0.35960834399975283,,,,,,
747,426,,,1681386475,,,,,,,,,,,,,,,,,,,,,,,,,,,,,,,3.0,,10304.0,7.3519287109375,,0.502839116998075,1.0,0.0001,0.004230323999763641,0.0,321.0
748,427,,,1681386476,,,,,,,,,,,,,,,,,,,,,,,,,,,,0.006444808000196645,0.0008319059998029843,0.024884336000468465,3.0,0.107944275000591,10336.0,7.23583984375,0.35565867999957845,0.5004822390001209,1.0,0.0001,0.0047182339994833455,0.0,322.0
749,427,,,1681386476,9.875,0.0,4.23599999999999,8512.34816,0.008172666829233902,776498.0,0.2103184729103154,2371.878912,1395.0,6163.468288,0.0,0.0,0.0,12.875,426391.0,29.437929952546742,20884.29568,2.654208,5788.0,1.506999999999607,4759.109632,0.0,1294985.0,33.8,10.625,28448.169984,518.0,,,,,,,,,,,,,,
750,428,,,1681386477,,,,,,,,,,,,,,,,,,,,,,,,,,,,0.006846274000054109,0.0007010019999142969,0.026927823999358225,3.0,0.10752661799961061,10368.0,7.1976318359375,0.3546524789999239,0.5013304799986145,1.0,0.0001,0.004676282999753312,0.0,323.0
751,428,,,1681386477,9.875,0.0,4.244,8507.273216,0.01225105671735834,777852.0,0.1993827576449741,2389.11488,1398.0,6180.704256,0.0,0.0,0.0,12.875,427468.0,34.91641292177145,20908.654592,2.654208,5804.0,1.508999999999105,4759.109632,0.0,1296765.0,33.7,10.625,28448.169984,520.0,0.006639344000177516,0.0007400409995170776,0.027639570999781427,,,,,,,,,,,
752,429,,,1681386478,,,,,,,,,,,,,,,,,,,,,,,,,,,,,,,3.0,0.10973097700025392,10400.0,7.24169921875,0.3578689080004551,0.5077281700005187,1.0,0.0001,0.005109329000333673,0.0,324.0
753,429,,,1681386478,9.875,0.0,4.263999999999982,8508.997632,0.03675448937258851,779752.0,0.27071340482212986,2389.0944,1402.0,6180.683776,0.0,0.0,0.0,12.75,428900.0,54.26896070989562,20907.159552,2.654208,5820.0,1.51299999999992,4759.109632,0.0,1299122.0,33.7,10.75,28448.169984,522.0,0.00681912799973361,0.0006687380000585108,0.029367533999902662,,,,,,,,,,,
754,429,,,1681386478,,,,,,,,,,,,,,,,,,,,,,,,,,,,,,,3.0,0.10809128700020665,10432.0,7.3094482421875,0.35433857299995,0.5044819200002166,1.0,0.0001,0.0051966600003652275,0.0,325.0
755,430,,,1681386479,9.875,0.0,4.280000000000001,8511.299584,0.008171560890079714,781170.0,0.2630300961589592,2389.11488,1404.0,6180.704256,0.0,0.0,0.0,12.75,430248.0,55.77940180955007,20885.356544,2.654208,5832.0,1.514999999999418,4759.109632,0.0,1301189.0,33.8,10.75,28448.169984,523.0,0.0067492489997675875,0.0007935769999676268,0.02456630699998641,,,,,,,,,,,
756,430,,,1681386479,,,,,,,,,,,,,,,,,,,,,,,,,,,,,,,3.0,0.1082615880004596,10464.0,7.3685302734375,0.3613548069997705,0.5064319809998779,1.0,0.0001,0.004706452999926114,0.0,326.0
757,431,,,1681386480,9.875,0.0,4.292000000000002,8511.049728,0.008175235550839892,782558.0,0.2813989525571636,2389.0944,1406.0,6180.683776,0.0,0.0,0.0,12.75,431328.0,36.85337905314431,20885.6064,2.654208,5848.0,1.5169999999998254,4759.109632,0.0,1302946.0,33.8,10.75,28448.169984,524.0,0.0068466990005617845,0.0006371489998855395,0.02442699699986406,,,,,0.3584877980001693,,,,,,
758,431,,,1681386480,,,,,,,,,,,,,,,,,,,,,,,,,,,,,,,3.0,0.10808259400073439,10496.0,7.29931640625,,0.5033302440015177,1.0,0.0001,0.004849007000302663,0.0,327.0
759,432,,,1681386481,9.875,0.0,4.304000000000002,8512.167936,0.07764556143978393,783783.0,0.22223328198572112,2389.11488,1411.0,6180.704256,0.0,0.0,0.0,12.75,432230.0,25.64758685276007,20884.344832,2.654208,5860.0,1.5209999999997308,4759.109632,0.0,1304499.0,33.8,10.75,28448.169984,526.0,0.006907306000357494,0.0007495629997720243,0.02472010700057581,,0.1078208340004494,,,0.3571344149995639,,,,,,
760,432,,,1681386481,,,,,,,,,,,,,,,,,,,,,,,,,,,,,,,3.0,,10528.0,7.3875732421875,,0.5016471630005981,1.0,0.0001,0.004314937999879476,0.0,328.0
761,433,,,1681386482,9.875,0.0,4.311999999999983,8513.622016,0.008172369417111051,784926.0,0.23766910285332307,2389.0944,1413.0,6180.683776,0.0,0.0,0.0,12.75,433148.0,28.915048111786675,20883.165184,2.654208,5873.0,1.5229999999992287,4759.109632,0.0,1306034.0,33.8,10.75,28448.169984,529.0,0.006842246999440249,0.0006577920003110194,0.027619817000413605,,0.10846310499982792,,,0.35678477800047403,,,,,,
762,433,,,1681386482,,,,,,,,,,,,,,,,,,,,,,,,,,,,,,,3.0,,10560.0,6.92626953125,,0.5054951880001681,1.0,0.0001,0.005127448999701301,0.0,329.0
763,434,,,1681386483,9.875,0.0,4.319999999999993,8513.748992,0.008170599024752808,786041.0,0.18374272882084416,2389.11488,1415.0,6180.704256,0.0,0.0,0.0,12.75,434066.0,23.56140639729866,20883.0464,2.654208,5894.0,1.5249999999996362,4759.109632,0.0,1307566.0,33.8,10.75,28448.169984,531.0,0.006784296000660106,0.0007544520003648358,0.025146367000161263,,0.10923392599943327,,,0.35770679199958977,,,,,,
764,434,,,1681386483,,,,,,,,,,,,,,,,,,,,,,,,,,,,,,,3.0,,10592.0,7.011962890625,,0.5038731029999326,1.0,0.0001,0.004247269999723358,0.0,330.0
765,435,,,1681386484,,,,,,,,,,,,,,,,,,,,,,,,,,,,0.0068236870001783245,0.0007553460000053747,0.02437534299951949,3.0,0.10846671400031482,10624.0,7.170654296875,0.3609696540006553,0.5055384030010828,1.0,0.0001,0.004147659000409476,0.0,331.0
766,435,,,1681386484,9.875,0.0,4.335999999999984,8514.12992,0.012254904803570573,787616.0,0.19579125254461666,2389.11488,1418.0,6180.704256,0.0,0.0,0.0,12.75,435153.0,32.58435575609494,20901.793792,2.654208,5923.0,1.5279999999993379,4759.109632,0.0,1309492.0,33.8,10.75,28448.169984,533.0,0.006717014000059862,0.0007314810000025318,0.025413272000150755,,,,,,,,,,,
767,436,,,1681386485,,,,,,,,,,,,,,,,,,,,,,,,,,,,,,,3.0,0.10846096000022953,10656.0,7.1595458984375,0.357648842999879,0.5030509160005749,1.0,0.0001,0.004079346000253281,0.0,332.0
768,436,,,1681386485,9.875,0.0,4.351999999999975,8509.464576,0.008175807461790476,789323.0,0.23966932457449333,2389.0944,1420.0,6180.683776,0.0,0.0,0.0,12.75,436529.0,52.32404197780168,20887.465984,2.654208,5940.0,1.5299999999997453,4759.109632,0.0,1311839.0,33.8,10.75,28448.169984,535.0,0.006964832000448951,0.0007413530001940671,0.02449726500071847,,,,,,,,,,,
769,436,,,1681386485,,,,,,,,,,,,,,,,,,,,,,,,,,,,,,,3.0,0.10928008599967143,10688.0,7.3236083984375,0.35906686799989984,0.5048608500010232,1.0,0.0001,0.004310446000090451,0.0,333.0
770,437,,,1681386486,9.875,0.0,4.363999999999976,8511.971328,0.03677454280902696,790428.0,0.21743906106501643,2389.11488,1424.0,6180.704256,0.0,0.0,0.0,12.75,437700.0,43.966655384057496,20884.672512,2.654208,5951.0,1.532999999999447,4759.109632,0.0,1313598.0,33.8,10.75,28448.169984,535.0,0.006685596999886911,0.0007317420004255837,0.02507507700011047,,,,,,,,,,,
771,437,,,1681386486,,,,,,,,,,,,,,,,,,,,,,,,,,,,,,,3.0,0.10873137599992333,10720.0,7.2969970703125,0.3588529290000224,0.5044477100000222,1.0,0.0001,0.004370988999653491,0.0,334.0
772,438,,,1681386487,9.875,0.0,4.371999999999986,8512.249856,0.008179411948541666,791602.0,0.22625978800981264,2389.0944,1426.0,6180.683776,0.0,0.0,0.0,12.75,438659.0,32.61499778166483,20884.250624,2.654208,5966.0,1.5349999999998545,4759.109632,0.0,1315162.0,33.8,10.75,28448.169984,536.0,0.0068815049999102484,0.0011101179998149746,0.02440472999933263,,,,,0.35854024099990056,,,,,,
773,438,,,1681386487,,,,,,,,,,,,,,,,,,,,,,,,,,,,,,,3.0,0.10858656899927155,10752.0,6.8582763671875,,0.5038710049984729,1.0,0.0001,0.004347842000242963,0.0,335.0
774,439,,,1681386488,9.875,0.0,4.383999999999986,8512.069632,0.06946451223518163,792892.0,0.23336532654067474,2389.110784,1429.0,6180.70016,0.0,0.0,0.0,12.75,439783.0,38.339015760498775,20884.586496,2.654208,5981.0,1.53899999999976,4759.109632,0.0,1316946.0,33.8,10.75,28448.169984,537.0,0.006871056999443681,0.0007363300001088646,0.024162787000022945,,0.10951284500060865,,,0.358089254999868,,,,,,
775,439,,,1681386488,,,,,,,,,,,,,,,,,,,,,,,,,,,,,,,3.0,,10784.0,7.314208984375,,0.5038194870003281,1.0,0.0001,0.004447213000275951,0.0,336.0
776,440,,,1681386489,9.875,0.0,4.399999999999977,8511.029248,0.016345139265439918,794193.0,0.1957745440401499,2389.090304,1432.0,6180.67968,0.0,0.0,0.0,12.75,440814.0,31.89362059585707,20885.487616,2.654208,5996.0,1.5409999999992579,4759.109632,0.0,1318643.0,33.8,10.75,28448.169984,539.0,0.006723499000145239,0.0008121450000544428,0.024291050999636354,,0.10793762499997683,,,0.36317961500026286,,,,,,
777,440,,,1681386489,,,,,,,,,,,,,,,,,,,,,,,,,,,,,,,3.0,,10816.0,7.159423828125,,0.5074792370005525,1.0,0.0001,0.004535302000476804,0.0,337.0
778,441,,,1681386490,9.875,0.0,4.407999999999987,8511.266816,0.00817167749520546,795741.0,0.3041555820321186,2389.110784,1434.0,6180.70016,0.0,0.0,0.0,12.75,442097.0,49.98293522918535,20885.389312,2.654208,6011.0,1.5429999999996653,4759.109632,0.0,1320722.0,33.8,10.75,28448.169984,541.0,0.006719094000800396,0.0006994390005274909,0.027859126000294054,,0.10853098700044939,,,0.35892153000077087,,,,,,
779,441,,,1681386490,,,,,,,,,,,,,,,,,,,,,,,,,,,,,,,3.0,,10848.0,7.1533203125,,0.5081940380032393,1.0,0.0001,0.005463862000397057,0.0,338.0
780,442,,,1681386491,9.875,0.0,4.423999999999978,8532.95104,0.008171154737913197,797027.0,0.17343754716757553,2389.090304,1436.0,6180.67968,0.0,0.0,0.0,12.75,443093.0,30.567013140923233,20863.705088,2.654208,6041.0,1.5449999999991633,4759.109632,0.0,1322411.0,33.9,10.75,28448.169984,542.0,0.006958041999496345,0.000850420000460872,0.024548436000259244,,0.11011323399998219,,,0.36294025799998053,,,,,,
781,442,,,1681386491,,,,,,,,,,,,,,,,,,,,,,,,,,,,,,,3.0,,10880.0,7.533203125,,0.5100068920010017,1.0,0.0001,0.004596502000822511,0.0,339.0
782,443,,,1681386492,,,,,,,,,,,,,,,,,,,,,,,,,,,,0.00696608899943385,0.0006300430004557711,0.02450711900019087,3.0,0.10950481599957129,10912.0,7.2476806640625,0.3598676510000587,0.5056461909989594,1.0,0.0001,0.0041704729992488865,0.0,340.0
783,443,,,1681386492,9.875,0.0,4.435999999999979,8530.219008,0.04494697344953553,798411.0,0.24939504975409552,2389.090304,1441.0,6180.67968,0.0,0.0,0.0,12.75,444152.0,30.30074836479125,20885.7088,2.654208,6064.0,1.5479999999997744,4759.109632,0.0,1324168.0,33.8,10.75,28448.169984,543.0,0.006875253000544035,0.0007907109993539052,0.025413085999389295,,,,,,,,,,,
784,444,,,1681386493,,,,,,,,,,,,,,,,,,,,,,,,,,,,,,,3.0,0.10878565600069123,10944.0,7.3677978515625,0.357192297000438,0.5033959499996854,1.0,0.0001,0.0043389469992689556,0.0,341.0
785,444,,,1681386493,9.875,0.0,4.447999999999979,8530.710528,0.04903765724145826,799706.0,0.22907386075245337,2389.110784,1446.0,6180.70016,0.0,0.0,0.0,12.75,445289.0,45.2225769930487,20865.941504,2.654208,6078.0,1.5529999999998836,4759.109632,0.0,1325962.0,33.9,10.75,28448.169984,543.0,0.0068395010002859635,0.0007329830004891846,0.023877656000877323,,,,,,,,,,,
786,444,,,1681386493,,,,,,,,,,,,,,,,,,,,,,,,,,,,,,,3.0,0.10913322800024616,10976.0,7.448486328125,0.3585417909998796,0.5033288950016868,1.0,0.0001,0.004203735999908531,0.0,342.0
787,445,,,1681386494,9.875,0.0,4.455999999999989,8531.398656,0.008180890088762556,800921.0,0.2090920462472098,2389.090304,1448.0,6180.67968,0.0,0.0,0.0,12.75,446387.0,48.160460542573475,20865.253376,2.654208,6090.0,1.5549999999993815,4759.109632,0.0,1327713.0,33.9,10.75,28448.169984,544.0,0.006764607999684813,0.0008493220002492308,0.025033388000338164,,,,,,,,,,,
788,445,,,1681386494,,,,,,,,,,,,,,,,,,,,,,,,,,,,,,,3.0,0.10863914999936242,11008.0,7.0877685546875,0.35948019300030865,0.5053134639993004,1.0,0.0001,0.004546802999357169,0.0,343.0
789,446,,,1681386495,9.875,0.0,4.467999999999989,8529.473536,0.05720975640804168,802101.0,0.17960255978283848,2389.110784,1453.0,6180.70016,0.0,0.0,0.0,12.75,447150.0,15.331775748171047,20867.043328,2.654208,6108.0,1.558999999999287,4759.109632,0.0,1329111.0,33.9,10.75,28448.169984,545.0,0.006704776999868045,0.000682789999700617,0.025314527999398706,,,,,0.36158347699984006,,,,,,
790,446,,,1681386495,,,,,,,,,,,,,,,,,,,,,,,,,,,,,,,3.0,0.10751635799988435,11040.0,7.147216796875,,0.5058384229987496,1.0,0.0001,0.004036493000057817,0.0,344.0
791,447,,,1681386496,9.875,0.0,4.47999999999999,8532.598784,0.008178004421488116,803076.0,0.12935462656553948,2389.090304,1455.0,6180.67968,0.0,0.0,0.0,12.75,448187.0,43.826804185192586,20864.192512,2.654208,6123.0,1.5629999999991924,4759.109632,0.0,1330651.0,33.9,10.75,28448.169984,548.0,0.006697248000818945,0.0006644779996349826,0.025053123000361666,,0.10892266700011533,,,0.35833801300032064,,,,,,
792,447,,,1681386496,,,,,,,,,,,,,,,,,,,,,,,,,,,,,,,3.0,,11072.0,7.062744140625,,0.5039857150013631,1.0,0.0001,0.004310186000111571,0.0,345.0
793,448,,,1681386497,9.875,0.0,4.49199999999999,8532.811776,0.008172486048942227,804113.0,0.17779945720303297,2389.110784,1457.0,6180.70016,0.0,0.0,0.0,12.75,449000.0,26.834102547749854,20863.696896,2.654208,6139.0,1.5649999999995998,4759.109632,0.0,1332031.0,33.9,10.75,28448.169984,550.0,0.006674281999949017,0.0006444800001190742,0.02357435800058738,,0.10933578399999533,,,0.36405609299981734,,,,,,
794,448,,,1681386497,,,,,,,,,,,,,,,,,,,,,,,,,,,,,,,3.0,,11104.0,7.2772216796875,,0.5085233130002962,1.0,0.0001,0.004238315999828046,0.0,346.0
795,449,,,1681386498,10.125,0.0,4.5,8532.160512,0.008172033157764238,805233.0,0.2167424302816533,2389.090304,1459.0,6180.67968,0.0,0.0,0.0,15.75,449966.0,30.759285419655924,20864.49152,2.654208,6152.0,1.5669999999990978,4759.109632,0.0,1333572.0,33.9,11.5,28448.169984,550.0,0.006786914000258548,0.0006994349996602978,0.023405292999996163,,0.10895502900075371,,,0.3608944329998849,,,,,,
796,449,,,1681386498,,,,,,,,,,,,,,,,,,,,,,,,,,,,,,,3.0,,11136.0,7.5550537109375,,0.5051206760008426,1.0,0.0001,0.004379572000289045,0.0,347.0
797,450,,,1681386499,,,,,,,,,,,,,,,,,,,,,,,,,,,,0.006670583999948576,0.0006846409996796865,0.024232957999629434,3.0,0.11036066100041353,11168.0,7.2027587890625,0.3622453560001304,0.5083049160002702,1.0,0.0001,0.004110716000468528,0.0,348.0
798,450,,,1681386499,10.125,0.0,4.515999999999991,8532.803584,0.012244464364560939,806554.0,0.883371141862422,2389.090304,1462.0,6180.67968,0.0,0.0,0.0,15.75,450967.0,29.106646263516673,20883.132416,2.654208,6181.0,1.569999999999709,4759.109632,0.0,1335242.0,33.8,11.5,28448.169984,554.0,0.006867263999993156,0.000862506999510515,0.024160678999578522,,,,,,,,,,,
799,451,,,1681386500,,,,,,,,,,,,,,,,,,,,,,,,,,,,,,,3.0,0.10879058699993038,11200.0,7.1866455078125,0.3624824990001798,0.5070902259985814,1.0,0.0001,0.003926689999389055,0.0,349.0
800,451,,,1681386500,10.125,0.0,4.531999999999982,8530.010112,0.032691701509921914,808043.0,0.23498756733356338,2389.110784,1466.0,6180.70016,0.0,0.0,0.0,15.75,452133.0,38.893555130125755,20881.14176,2.654208,6197.0,1.5739999999996144,4759.109632,0.0,1337192.0,33.8,11.5,28448.169984,555.0,0.006933515000127954,0.0008559140005672816,0.023458151000340877,,,,,,,,,,,
801,452,,,1681386501,,,,,,,,,,,,,,,,,,,,,,,,,,,,,,,3.0,0.10929395099992689,11232.0,7.215087890625,0.3596562740003719,0.504647631001717,1.0,0.0001,0.004449826000382018,0.0,350.0
802,452,,,1681386501,10.125,0.0,4.539999999999992,8531.33312,0.008169458678307508,809655.0,0.27441084060280224,2389.086208,1468.0,6180.675584,0.0,0.0,0.0,15.75,453424.0,48.992379334491446,20865.466368,2.654208,6212.0,1.5759999999991123,4759.109632,0.0,1339251.0,33.9,11.5,28448.169984,556.0,0.006907148999744095,0.0006903069997861166,0.024306637999870873,,,,,,,,,,,
803,452,,,1681386501,,,,,,,,,,,,,,,,,,,,,,,,,,,,,,,3.0,0.10788386199965316,11264.0,7.0601806640625,0.3607456209992961,0.5045908979982414,1.0,0.0001,0.00405732099989109,0.0,351.0
804,453,,,1681386502,10.125,0.0,4.5519999999999925,8531.33312,0.008172227527583318,810753.0,0.21270137503762382,2389.106688,1470.0,6180.696064,0.0,0.0,0.0,15.75,454415.0,36.73512839498159,20865.327104,2.654208,6229.0,1.576999999999316,4759.109632,0.0,1340826.0,33.9,11.5,28448.169984,558.0,0.006664055999863194,0.000635253999462293,0.023247208999237046,,,,,,,,,,,
805,453,,,1681386502,,,,,,,,,,,,,,,,,,,,,,,,,,,,,,,3.0,0.10982310399958806,11296.0,7.0799560546875,0.3641336789996785,0.5085965629978091,1.0,0.0001,0.004093260999979975,0.0,352.0
806,454,,,1681386503,10.125,0.0,4.563999999999993,8531.51744,0.008173096457497728,811913.0,0.1968247642642719,2389.086208,1472.0,6180.675584,0.0,0.0,0.0,15.5,455410.0,34.22984583621516,20865.138688,2.654208,6249.0,1.5789999999997235,4759.109632,0.0,1342443.0,33.9,11.5,28448.169984,561.0,0.006723819000399089,0.0006526080005642143,0.024147932999767363,,,,,0.36076624799989077,,,,,,
807,454,,,1681386503,,,,,,,,,,,,,,,,,,,,,,,,,,,,,,,3.0,0.10830152099970292,11328.0,7.11572265625,,0.5048256079999192,1.0,0.0001,0.0042334789995948086,0.0,353.0
808,455,,,1681386504,10.125,0.0,4.572000000000003,8531.51744,0.008178173763129614,813192.0,0.19937493152967087,2389.106688,1474.0,6180.696064,0.0,0.0,0.0,15.5,456427.0,32.357990734897,20865.138688,2.654208,6265.0,1.5809999999992215,4759.109632,0.0,1344092.0,33.9,11.5,28448.169984,563.0,0.006860260000394192,0.0005753269997512689,0.023243071000251803,,0.10886317899985443,,,0.3603632000003927,,,,,,
809,455,,,1681386504,,,,,,,,,,,,,,,,,,,,,,,,,,,,,,,3.0,,11360.0,7.23974609375,,0.5040008660007516,1.0,0.0001,0.004095829000107187,0.0,354.0
810,456,,,1681386505,10.125,0.0,4.587999999999994,8533.25824,0.03677854912308432,814458.0,0.260355093839157,2389.086208,1478.0,6180.675584,0.0,0.0,0.0,15.5,457451.0,34.76073329278949,20863.246336,2.654208,6277.0,1.5849999999991269,4759.109632,0.0,1345784.0,33.9,11.5,28448.169984,565.0,0.00661405100072443,0.0007425949997923453,0.029246431000501616,,0.10804409299998952,,,0.36051932999998826,,,,,,
811,456,,,1681386505,,,,,,,,,,,,,,,,,,,,,,,,,,,,,,,3.0,,11392.0,7.1697998046875,,0.51048400000127,1.0,0.0001,0.005317500000273867,0.0,355.0
812,457,,,1681386506,10.125,0.0,4.599999999999994,8533.016576,0.008176326919643593,815832.0,0.22289274015603702,2389.106688,1480.0,6180.696064,0.0,0.0,0.0,15.5,458625.0,45.91172049442265,20863.63136,2.654208,6288.0,1.5869999999995343,4759.109632,0.0,1347667.0,33.9,11.5,28448.169984,567.0,0.006837892000476131,0.0006148980000943993,0.02692247100003442,,0.10851747200013051,,,0.36195851400043466,,,,,,
813,457,,,1681386506,,,,,,,,,,,,,,,,,,,,,,,,,,,,,,,3.0,,11424.0,7.409423828125,,0.5098947950018555,1.0,0.0001,0.005043548000685405,0.0,356.0
814,458,,,1681386507,,,,,,,,,,,,,,,,,,,,,,,,,,,,0.007001324000157183,0.0008681050003360724,0.028729130000101577,3.0,0.10882837699955417,11456.0,7.27587890625,0.35937327800002095,0.5106430150008237,1.0,0.0001,0.005842801000653708,0.0,357.0
815,458,,,1681386507,10.125,0.0,4.611999999999995,8531.861504,0.012248159861316056,817189.0,0.22505196343371245,2389.106688,1483.0,6180.696064,0.0,0.0,0.0,15.5,459646.0,30.60744180665263,20884.054016,2.654208,6311.0,1.589999999999236,4759.109632,0.0,1349365.0,33.8,11.5,28448.169984,568.0,0.006850443000075757,0.0007540830001744325,0.02575207599966234,,,,,,,,,,,
816,459,,,1681386508,,,,,,,,,,,,,,,,,,,,,,,,,,,,,,,3.0,0.1097097699994265,11488.0,6.94873046875,0.3620549679999385,0.5094709429986324,1.0,0.0001,0.004349602999354829,0.0,358.0
817,459,,,1681386508,10.125,0.0,4.623999999999995,8529.641472,0.07755013511051954,819016.0,0.2944960003250794,2389.086208,1488.0,6180.675584,0.0,0.0,0.0,15.25,461063.0,42.71260232450309,20867.022848,2.654208,6324.0,1.5939999999991414,4759.109632,0.0,1351607.0,33.9,11.5,28448.169984,568.0,0.006622623000112071,0.0007939390006868052,0.025089904999731516,,,,,,,,,,,
818,460,,,1681386509,,,,,,,,,,,,,,,,,,,,,,,,,,,,,,,3.0,0.10854612599996472,11520.0,7.3203125,0.3616978399995787,0.5070002050006224,1.0,0.0001,0.004249772000548546,0.0,359.0
819,460,,,1681386509,10.125,0.0,4.635999999999996,8529.83808,0.008165680536658204,820357.0,0.21446075423968863,2389.106688,1490.0,6180.696064,0.0,0.0,0.0,15.25,462147.0,37.19125386566757,20866.822144,2.654208,6336.0,1.595999999999549,4759.109632,0.0,1353363.0,33.9,11.5,28448.169984,568.0,0.006846143000075244,0.0007962549998410395,0.025082036999265256,,,,,,,,,,,
820,460,,,1681386509,,,,,,,,,,,,,,,,,,,,,,,,,,,,,,,3.0,0.10885793999932503,11552.0,7.2335205078125,0.3579014070000994,0.5039704989985694,1.0,0.0001,0.004486716999963392,0.0,360.0
821,461,,,1681386510,10.125,0.0,4.643999999999977,8530.7392,0.008176677153200763,821411.0,0.18498933552404115,2389.086208,1492.0,6180.675584,0.0,0.0,0.0,15.25,463093.0,29.02127899288821,20865.78176,2.654208,6351.0,1.5979999999999563,4759.109632,0.0,1354854.0,33.9,11.5,28448.169984,568.0,0.006768455999917933,0.0007451330002368195,0.02687120800055709,,,,,0.36106022500007384,,,,,,
822,461,,,1681386510,,,,,,,,,,,,,,,,,,,,,,,,,,,,,,,3.0,0.10958594200019434,11584.0,7.370849609375,,0.5095070710012806,1.0,0.0001,0.004476107000300544,0.0,361.0
823,462,,,1681386511,10.125,0.0,4.659999999999997,8529.190912,0.008173226712083752,822953.0,0.27476887659456517,2389.106688,1494.0,6180.696064,0.0,0.0,0.0,15.25,464213.0,27.988073505738754,20867.608576,2.654208,6366.0,1.5999999999994543,4759.109632,0.0,1356687.0,33.9,11.5,28448.169984,572.0,0.00671797199993307,0.0006643860006079194,0.02466880899919488,,0.1090574710005967,,,0.3647139699996842,,,,,,
824,462,,,1681386511,,,,,,,,,,,,,,,,,,,,,,,,,,,,,,,3.0,,11616.0,7.1588134765625,,0.5098470290004116,1.0,0.0001,0.0040244210003947956,0.0,362.0
825,463,,,1681386512,10.125,0.0,4.667999999999978,8529.657856,0.008172270289385894,824104.0,0.24693983131728953,2389.086208,1496.0,6180.675584,0.0,0.0,0.0,15.25,465218.0,27.13760367715013,20866.859008,2.654208,6382.0,1.6019999999998618,4759.109632,0.0,1358297.0,33.9,11.5,28448.169984,572.0,0.006754322999768192,0.0007003999999142252,0.026952968999466975,,0.10842189799950575,,,0.35897468500024843,,,,,,
826,463,,,1681386512,,,,,,,,,,,,,,,,,,,,,,,,,,,,,,,3.0,,11648.0,7.2232666015625,,0.5064228369992634,1.0,0.0001,0.004618562000359816,0.0,363.0
827,464,,,1681386513,10.25,0.0,4.6839999999999975,8529.584128,0.032690255208075426,825364.0,0.24184084796406233,2389.106688,1500.0,6180.696064,0.0,0.0,0.0,16.0,466298.0,39.15760239826356,20867.19488,2.654208,6399.0,1.6059999999997672,4759.109632,0.0,1360029.0,33.9,11.75,28448.17408,574.0,0.006761311999980535,0.0006598119998670882,0.027127761999508948,,0.10828802099968016,,,0.36176499700013665,,,,,,
828,464,,,1681386513,,,,,,,,,,,,,,,,,,,,,,,,,,,,,,,3.0,,11680.0,7.062744140625,,0.5097719599989432,1.0,0.0001,0.005170055999769829,0.0,364.0
829,465,,,1681386514,10.25,0.0,4.691999999999979,8531.247104,0.008172136170693333,826661.0,0.19687346413474108,2389.082112,1502.0,6180.671488,0.0,0.0,0.0,16.0,467480.0,42.10966099810816,20865.39264,2.654208,6411.0,1.606999999999971,4759.109632,0.0,1361885.0,33.9,11.75,28448.169984,575.0,0.00668984999992972,0.0006762789998902008,0.023251595000147063,,0.1092149590003828,,,0.36615405599968653,,,,,,
830,465,,,1681386514,,,,,,,,,,,,,,,,,,,,,,,,,,,,,,,3.0,,11712.0,7.279541015625,,0.5100313350003489,1.0,0.0001,0.004044596000312595,0.0,365.0
831,466,,,1681386515,,,,,,,,,,,,,,,,,,,,,,,,,,,,0.006558976999258448,0.0006111259999670438,0.024093963999803236,3.0,0.10968945399963559,11744.0,7.0404052734375,0.36167563000071823,0.5065684339988366,1.0,0.0001,0.003939282999454008,0.0,366.0
832,466,,,1681386515,10.25,0.0,4.703999999999979,8528.003072,0.012255015537453125,828050.0,0.22307160114110244,2389.082112,1505.0,6180.671488,0.0,0.0,0.0,16.0,468482.0,33.70221025378158,20887.912448,2.654208,6444.0,1.6099999999996726,4759.109632,0.0,1363586.0,33.8,11.75,28448.169984,576.0,0.006873235999591998,0.0005966460003037355,0.023841721000280813,,,,,,,,,,,
833,467,,,1681386516,,,,,,,,,,,,,,,,,,,,,,,,,,,,,,,3.0,0.11004126300031203,11776.0,7.05322265625,0.36344235700016725,0.5088662060006754,1.0,0.0001,0.004070983000019623,0.0,367.0
834,467,,,1681386516,10.25,0.0,4.711999999999989,8526.708736,0.008171164457542733,829200.0,0.21636030573674223,2389.102592,1507.0,6180.691968,0.0,0.0,0.0,16.0,469557.0,29.283259007205714,20869.947392,2.654208,6458.0,1.6119999999991705,4759.109632,0.0,1365208.0,33.9,11.75,28448.169984,576.0,0.006674002000181645,0.0007375519999186508,0.02347255299991957,,,,,,,,,,,
835,468,,,1681386517,,,,,,,,,,,,,,,,,,,,,,,,,,,,,,,3.0,0.10911923200001183,11808.0,7.2119140625,0.3641508259997863,0.5081523979997655,1.0,0.0001,0.003998232999947504,0.0,368.0
836,468,,,1681386517,10.25,0.0,4.7239999999999895,8528.474112,0.008172095353939082,830284.0,0.16266779262002745,2389.082112,1509.0,6180.671488,0.0,0.0,0.0,16.0,470642.0,47.0736634215905,20868.046848,2.654208,6475.0,1.613999999999578,4759.109632,0.0,1366892.0,33.9,11.75,28448.169984,576.0,0.006897235999531404,0.0006768299999748706,0.0240865700006907,,,,,,,,,,,
837,468,,,1681386517,,,,,,,,,,,,,,,,,,,,,,,,,,,,,,,3.0,0.10875305899935483,11840.0,7.207275390625,0.36480425500030833,0.5096290659994338,1.0,0.0001,0.004411115999573667,0.0,369.0
838,469,,,1681386518,10.25,0.0,4.73599999999999,8530.80064,0.03677419295404559,831417.0,0.2177961154107944,2389.102592,1513.0,6180.691968,0.0,0.0,0.0,15.75,471657.0,30.936329723820148,20865.847296,2.654208,6492.0,1.6169999999992797,4759.109632,0.0,1368485.0,33.9,11.75,28448.169984,577.0,0.006731923000188544,0.0006447100004152162,0.024313462000463915,,,,,0.3663969019999058,,,,,,
839,469,,,1681386518,,,,,,,,,,,,,,,,,,,,,,,,,,,,,,,3.0,0.10857593699984136,11872.0,7.03466796875,,0.5110197940011858,1.0,0.0001,0.0043568600003709435,0.0,370.0
840,470,,,1681386519,10.25,0.0,4.7479999999999905,8530.866176,0.06947816191514514,832875.0,0.24562414067496657,2389.082112,1516.0,6180.671488,0.0,0.0,0.0,15.75,472730.0,37.09019513680851,20865.794048,2.654208,6515.0,1.6199999999998909,4759.109632,0.0,1370294.0,33.9,11.75,28448.169984,580.0,0.006748217000676959,0.0007967290002852678,0.024936464999882446,,0.10882716499963863,,,0.36505590900014795,,,,,,
841,470,,,1681386519,,,,,,,,,,,,,,,,,,,,,,,,,,,,,,,3.0,,11904.0,7.1768798828125,,0.5110593010003868,1.0,0.0001,0.0046948159997555194,0.0,371.0
842,471,,,1681386520,10.25,0.0,4.759999999999991,8530.026496,0.008172913714163899,834013.0,0.2151056615998272,2389.102592,1518.0,6180.691968,0.0,0.0,0.0,15.75,473772.0,27.92554519555879,20866.633728,2.654208,6528.0,1.6219999999993888,4759.109632,0.0,1371890.0,33.9,11.75,28448.169984,581.0,0.006780851999792503,0.0007895570006439812,0.02486350599974685,,0.11120810300053563,,,0.36743525600013527,,,,,,
843,471,,,1681386520,,,,,,,,,,,,,,,,,,,,,,,,,,,,,,,3.0,,11936.0,7.3787841796875,,0.5157201010015342,1.0,0.0001,0.004642827000679972,0.0,372.0
844,472,,,1681386521,10.25,0.0,4.771999999999991,8531.156992,0.008172857337550792,835484.0,0.32095225788164333,2389.082112,1520.0,6180.671488,0.0,0.0,0.0,15.75,474838.0,30.278161759199733,20865.6384,2.654208,6540.0,1.6239999999997963,4759.109632,0.0,1373678.0,33.9,11.75,28448.169984,583.0,0.006987415999901714,0.0006600779997825157,0.028344436999759637,,0.10945348999939597,,,0.3567543079998359,,,,,,
845,472,,,1681386521,,,,,,,,,,,,,,,,,,,,,,,,,,,,,,,3.0,,11968.0,7.1142578125,,0.5063721569986228,1.0,0.0001,0.004172427999947104,0.0,373.0
846,473,,,1681386522,10.25,0.0,4.792000000000002,8531.263488,0.09807291169793296,836701.0,0.21506125312917218,2389.102592,1528.0,6180.691968,0.0,0.0,0.0,15.75,475847.0,30.822349580727035,20865.396736,2.654208,6555.0,1.6309999999994034,4759.109632,0.0,1375269.0,33.9,11.75,28448.169984,584.0,0.006842366000455513,0.0007963070002006134,0.023669917999541212,,0.10899606800012407,,,0.365776530000403,,,,,,
847,473,,,1681386522,,,,,,,,,,,,,,,,,,,,,,,,,,,,,,,3.0,,12000.0,7.25,,0.5101730800006408,1.0,0.0001,0.004091890999916359,0.0,374.0
848,474,,,1681386523,,,,,,,,,,,,,,,,,,,,,,,,,,,,0.0068002490006620064,0.000716755000212288,0.026231326000015542,3.0,0.11031218100015394,12032.0,7.3486328125,0.3641319280004609,0.5124024610022389,1.0,0.0001,0.00421002200073417,0.0,375.0
849,474,,,1681386523,10.25,0.0,4.807999999999993,8529.965056,0.012258600778273739,838002.0,0.16398272801531186,2389.102592,1531.0,6180.691968,0.0,0.0,0.0,15.5,476712.0,22.44444455501958,20885.962752,2.654208,6579.0,1.6329999999998108,4759.109632,0.0,1376790.0,33.8,11.75,28448.169984,585.0,0.00686688200039498,0.0006369509992509848,0.024414208000052895,,,,,,,,,,,
850,475,,,1681386524,,,,,,,,,,,,,,,,,,,,,,,,,,,,,,,3.0,0.1091550119999738,12064.0,7.196533203125,0.36276861100031965,0.5081652540002324,1.0,0.0001,0.004323590000240074,0.0,376.0
851,475,,,1681386524,10.25,0.0,4.819999999999993,8529.616896,0.008171325746531616,839215.0,0.2231633748120838,2389.082112,1533.0,6180.671488,0.0,0.0,0.0,15.5,477904.0,40.98520741028644,20867.039232,2.654208,6593.0,1.6349999999993088,4759.109632,0.0,1378596.0,33.9,11.75,28448.169984,587.0,0.006770746000256622,0.000650544999189151,0.026054979000036838,,,,,,,,,,,
852,476,,,1681386525,,,,,,,,,,,,,,,,,,,,,,,,,,,,,,,3.0,0.11048562499945547,12096.0,7.3258056640625,0.36510743199960416,0.5131302559984761,1.0,0.0001,0.004060928999933822,0.0,377.0
853,476,,,1681386525,10.25,0.0,4.828000000000003,8531.234816,0.008171992345668094,840316.0,0.2141077955072017,2389.102592,1535.0,6180.691968,0.0,0.0,0.0,15.5,478940.0,36.93106093053976,20865.41312,2.654208,6606.0,1.6369999999997162,4759.109632,0.0,1380194.0,33.9,11.75,28448.169984,588.0,0.006708158000037656,0.0006250250007724389,0.028645503999541688,,,,,,,,,,,
854,476,,,1681386525,,,,,,,,,,,,,,,,,,,,,,,,,,,,,,,3.0,0.10971561299993482,12128.0,7.2220458984375,0.35586024500025815,0.5067423899999994,1.0,0.0001,0.005187844999454683,0.0,378.0
855,477,,,1681386526,10.25,0.0,4.835999999999984,8525.103104,0.00816536810918101,841499.0,0.20761883742230952,2389.082112,1537.0,6180.671488,0.0,0.0,0.0,15.5,479643.0,7.103304103670751,20871.540736,2.654208,6617.0,1.6389999999992142,4759.109632,0.0,1381502.0,33.9,11.75,28448.169984,590.0,0.006852190000245173,0.0008762490006120061,0.0254568289992676,,,,,,,,,,,
856,477,,,1681386526,,,,,,,,,,,,,,,,,,,,,,,,,,,,,,,3.0,0.10993585999949573,12160.0,7.4310302734375,0.3642936699998245,0.511586239999815,1.0,0.0001,0.004171442000370007,0.0,379.0
857,478,,,1681386527,10.25,0.0,4.843999999999994,8530.300928,0.03675574753595397,842677.0,0.22453071558268203,2389.098496,1541.0,6180.687872,0.0,0.0,0.0,15.5,481074.0,63.15619334518061,20866.330624,2.654208,6635.0,1.6419999999998254,4759.109632,0.0,1383526.0,33.9,11.75,28448.169984,594.0,0.0067284400001881295,0.0006313280000540544,0.024502100999598042,,,,,0.3629534199999398,,,,,,
858,478,,,1681386527,,,,,,,,,,,,,,,,,,,,,,,,,,,,,,,3.0,0.11024787700080196,12192.0,6.9051513671875,,0.5093239420002647,1.0,0.0001,0.004260775999682664,0.0,380.0
859,479,,,1681386528,10.25,0.0,4.851999999999975,8530.198528,0.008173613626536456,843849.0,0.22866163039060286,2389.078016,1543.0,6180.667392,0.0,0.0,0.0,15.25,482065.0,28.586878408960658,20866.43712,2.654208,6653.0,1.6439999999993233,4759.109632,0.0,1385088.0,33.9,11.75,28448.169984,596.0,0.006848947999969823,0.0006465330006903969,0.023603362000358175,,0.10941748099958204,,,0.3633586120004111,,,,,,
860,479,,,1681386528,,,,,,,,,,,,,,,,,,,,,,,,,,,,,,,3.0,,12224.0,7.1268310546875,,0.5077769050012648,1.0,0.0001,0.0039019690002533025,0.0,381.0
861,480,,,1681386529,10.25,0.0,4.863999999999976,8531.750912,0.03677492765356592,845027.0,0.8502366466235179,2389.098496,1548.0,6180.687872,0.0,0.0,0.0,15.25,482962.0,27.869593215822462,20864.909312,2.654208,6665.0,1.6489999999994325,4759.109632,0.0,1386592.0,33.9,11.75,28448.169984,598.0,0.006812028999775066,0.0005902430002606707,0.02491284500047186,,0.11020248400018318,,,0.36421671100015374,,,,,,
862,480,,,1681386529,,,,,,,,,,,,,,,,,,,,,,,,,,,,,,,3.0,,12256.0,7.3438720703125,,0.5109430190013882,1.0,0.0001,0.004208707000543654,0.0,382.0
863,481,,,1681386530,10.25,0.0,4.871999999999986,8530.8416,0.008172435509646029,846130.0,0.19006499183480496,2389.078016,1550.0,6180.667392,0.0,0.0,0.0,15.25,483926.0,30.53246646748176,20865.814528,2.654208,6676.0,1.65099999999984,4759.109632,0.0,1388122.0,33.9,11.75,28448.169984,600.0,0.006770315000721894,0.0006248179997783154,0.023591602000124112,,0.1088389050000842,,,0.3650581419997252,,,,,,
864,481,,,1681386530,,,,,,,,,,,,,,,,,,,,,,,,,,,,,,,3.0,,12288.0,7.307373046875,,0.5090387410000403,1.0,0.0001,0.004154958999606606,0.0,383.0
865,482,,,1681386531,,,,,,,,,,,,,,,,,,,,,,,,,,,,0.007111997000720294,0.0006565390003743232,0.02598950799983868,3.0,0.1082070840002416,12320.0,7.0665283203125,0.3625726800000848,0.5087674650012559,1.0,0.0001,0.004229656999996223,0.0,384.0
866,482,,,1681386531,10.25,0.0,4.887999999999977,8529.608704,0.012257344246577909,847810.0,0.2746411195856704,2389.078016,1553.0,6180.667392,0.0,0.0,0.0,15.25,485003.0,27.577452490905134,20886.183936,2.654208,6705.0,1.6529999999993379,4759.109632,0.0,1389951.0,33.8,11.75,28448.169984,601.0,0.006788427000174124,0.0006215929997779313,0.024585936999756086,,,,,,,,,,,
867,483,,,1681386532,,,,,,,,,,,,,,,,,,,,,,,,,,,,,,,3.0,0.10849776300074154,12352.0,7.2994384765625,0.36508158200012986,0.5099879380004495,1.0,0.0001,0.004412635999869963,0.0,385.0
868,483,,,1681386532,10.25,0.0,4.903999999999996,8528.031744,0.04494518824660732,849159.0,0.24826789883964082,2389.098496,1557.0,6180.687872,0.0,0.0,0.0,15.25,486083.0,32.400652627485684,20871.745536,2.654208,6721.0,1.6569999999992433,4759.109632,0.0,1391722.0,33.9,11.75,28448.169984,601.0,0.006841571999757434,0.0006648670005233726,0.024181736999707937,,,,,,,,,,,
869,484,,,1681386533,,,,,,,,,,,,,,,,,,,,,,,,,,,,,,,3.0,0.1094325439999011,12384.0,7.4224853515625,0.3641196560001845,0.5098535529996298,1.0,0.0001,0.004613176999555435,0.0,386.0
870,484,,,1681386533,10.375,0.0,4.911999999999978,8531.29216,0.008179557985686127,850196.0,0.22139123942839578,2389.078016,1559.0,6180.667392,0.0,0.0,0.0,15.0,487204.0,43.81984916580094,20865.35168,2.654208,6733.0,1.6589999999996508,4759.109632,0.0,1393390.0,33.9,11.75,28448.169984,601.0,0.006882978999783518,0.000667548999444989,0.02561091799998394,,,,,,,,,,,
871,485,,,1681386534,,,,,,,,,,,,,,,,,,,,,,,,,,,,,,,3.0,0.10908800400011387,12416.0,7.1651611328125,0.36259755800074345,0.5090711089997058,1.0,0.0001,0.0042241009996359935,0.0,387.0
872,485,,,1681386534,10.375,0.0,4.9199999999999875,8529.104896,0.008166538369784608,851635.0,0.20123658462735264,2389.098496,1561.0,6180.687872,0.0,0.0,0.0,15.0,488462.0,45.051626051169805,20867.391488,2.654208,6748.0,1.6599999999998545,4759.109632,0.0,1395399.0,33.9,11.75,28448.169984,601.0,0.006761595000170928,0.0007720220000919653,0.02690296499986289,,,,,,,,,,,
873,485,,,1681386534,,,,,,,,,,,,,,,,,,,,,,,,,,,,,,,3.0,0.10950942299950839,12448.0,7.1978759765625,0.36014120199979516,0.5087538929992661,1.0,0.0001,0.004666685999836773,0.0,388.0
874,486,,,1681386535,10.375,0.0,4.927999999999997,8532.19328,0.06125569127597811,852873.0,0.23400790707622718,2389.078016,1567.0,6180.667392,0.0,0.0,0.0,15.0,489477.0,30.083300089101435,20864.446464,2.654208,6771.0,1.6649999999999636,4759.109632,0.0,1397021.0,33.9,11.75,28448.169984,605.0,0.006801429000006465,0.0006711220003126073,0.02564502800032642,,,,,0.3617214639998565,,,,,,
875,486,,,1681386535,,,,,,,,,,,,,,,,,,,,,,,,,,,,,,,3.0,0.10939812899960089,12480.0,7.218994140625,,0.5082695969995257,1.0,0.0001,0.004032424999422801,0.0,389.0
876,487,,,1681386536,10.375,0.0,4.939999999999998,8531.673088,0.008171047863429252,853992.0,0.19515558364536695,2389.098496,1569.0,6180.687872,0.0,0.0,0.0,15.0,490386.0,27.75988233686384,20864.966656,2.654208,6793.0,1.6669999999994616,4759.109632,0.0,1398495.0,33.9,11.75,28448.169984,607.0,0.0067915270001321915,0.0006668660007562721,0.024207348999880196,,0.10892979799973546,,,0.36406014499971207,,,,,,
877,487,,,1681386536,,,,,,,,,,,,,,,,,,,,,,,,,,,,,,,3.0,,12512.0,7.311767578125,,0.5087192710007002,1.0,0.0001,0.004063586000484065,0.0,390.0
878,488,,,1681386537,10.375,0.0,4.947999999999979,8532.672512,0.008169950136484559,855113.0,0.21275379914244555,2389.078016,1571.0,6180.667392,0.0,0.0,0.0,15.0,491255.0,28.20459067771048,20863.967232,2.654208,6806.0,1.668999999999869,4759.109632,0.0,1399962.0,33.9,11.75,28448.169984,608.0,0.006852344999970228,0.0007687160004934412,0.024328921000233095,,0.10930469799950515,,,0.36326972900042165,,,,,,
879,488,,,1681386537,,,,,,,,,,,,,,,,,,,,,,,,,,,,,,,3.0,,12544.0,7.0267333984375,,0.5087237290008488,1.0,0.0001,0.004199320000225271,0.0,391.0
880,489,,,1681386538,10.375,0.0,4.9599999999999795,8531.92704,0.008172402465059559,856779.0,0.2891067180215062,2389.098496,1573.0,6180.687872,0.0,0.0,0.0,15.75,492343.0,24.56017635155381,20864.565248,2.654208,6818.0,1.670999999999367,4759.109632,0.0,1401812.0,33.9,12.0,28448.169984,608.0,0.006688576000669855,0.0006460779995904886,0.024908721999963745,,0.1093204449998666,,,0.3618691289993876,,,,,,
881,489,,,1681386538,,,,,,,,,,,,,,,,,,,,,,,,,,,,,,,3.0,,12576.0,7.0731201171875,,0.5077229799999259,1.0,0.0001,0.004290030000447587,0.0,392.0
882,490,,,1681386539,,,,,,,,,,,,,,,,,,,,,,,,,,,,0.007017490999714937,0.0006818620004196418,0.025627794999309117,3.0,0.1085165690001304,12608.0,7.2493896484375,0.35845401100050367,0.5046374620005736,1.0,0.0001,0.00433973400049581,0.0,393.0
883,490,,,1681386539,10.375,0.0,4.975999999999999,8531.103744,0.012257519154349672,858235.0,0.24605214072516426,2389.098496,1576.0,6180.687872,0.0,0.0,0.0,15.75,493436.0,33.039911461196084,20884.832256,2.654208,6849.0,1.6739999999999782,4759.109632,0.0,1403630.0,33.8,12.0,28448.169984,612.0,0.006648530999882496,0.0007089290002113557,0.0246940139995786,,,,,,,,,,,
884,491,,,1681386540,,,,,,,,,,,,,,,,,,,,,,,,,,,,,,,3.0,0.10854558800019731,12640.0,7.3773193359375,0.36633325399998284,0.5109622299996772,1.0,0.0001,0.00403191399982461,0.0,394.0
885,491,,,1681386540,10.375,0.0,4.9879999999999995,8531.972096,0.03268139357242457,859521.0,0.20870293253348388,2389.07392,1580.0,6180.663296,0.0,0.0,0.0,15.75,494712.0,42.35359402261608,20864.823296,2.654208,6858.0,1.6769999999996799,4759.109632,0.0,1405515.0,33.9,12.0,28448.169984,614.0,0.00684010999975726,0.0006349519999275799,0.024399955000262707,,,,,,,,,,,
886,492,,,1681386541,,,,,,,,,,,,,,,,,,,,,,,,,,,,,,,3.0,0.10832736199972715,12672.0,7.181884765625,0.3662119459995665,0.5106406889990467,1.0,0.0001,0.004226363999805471,0.0,395.0
887,492,,,1681386541,10.375,0.0,5.0,8531.750912,0.008170822468221355,860989.0,0.290271659876066,2389.0944,1582.0,6180.683776,0.0,0.0,0.0,15.75,495808.0,37.04249546840445,20864.905216,2.654208,6891.0,1.6789999999991778,4759.109632,0.0,1407343.0,33.9,12.0,28448.169984,614.0,0.006718091000038839,0.0006563249999089749,0.026634107000063523,,,,,,,,,,,
888,493,,,1681386542,,,,,,,,,,,,,,,,,,,,,,,,,,,,,,,3.0,0.11036474100001215,12704.0,6.9259033203125,0.364875315000063,0.5134958640001059,1.0,0.0001,0.004247285000019474,0.0,396.0
889,493,,,1681386542,10.375,0.0,5.007999999999981,8532.31616,0.008171498698411123,862033.0,0.21759009283036496,2389.07392,1584.0,6180.663296,0.0,0.0,0.0,15.75,496878.0,36.021362769909196,20864.339968,2.654208,6902.0,1.6809999999995853,4759.109632,0.0,1408906.0,33.9,12.0,28448.169984,615.0,0.006804313999964506,0.0006859539998913533,0.024521282000023348,,,,,,,,,,,
890,493,,,1681386542,,,,,,,,,,,,,,,,,,,,,,,,,,,,,,,3.0,0.10914087099990866,12736.0,7.2396240234375,0.3626183679998576,0.5083801639993908,1.0,0.0001,0.0046093749997453415,0.0,397.0
891,494,,,1681386543,10.375,0.0,5.015999999999991,8532.504576,0.008162004764405296,863083.0,0.1577323362057094,2389.0944,1586.0,6180.683776,0.0,0.0,0.0,15.5,497694.0,27.452759548500897,20864.151552,2.654208,6949.0,1.6829999999999927,4759.109632,0.0,1410262.0,33.9,12.0,28448.169984,618.0,0.007315593000384979,0.0007043479999992996,0.028617210000447812,,,,,0.35767933600072865,,,,,,
892,494,,,1681386543,,,,,,,,,,,,,,,,,,,,,,,,,,,,,,,3.0,0.10947060200032865,12768.0,7.2413330078125,,0.5083008850024271,1.0,0.0001,0.004513796000537695,0.0,398.0
893,495,,,1681386544,10.375,0.0,5.024000000000001,8532.856832,0.008169717028141212,864245.0,0.21766232414382458,2389.07392,1588.0,6180.663296,0.0,0.0,0.0,15.5,498608.0,23.389772196467536,20863.799296,2.654208,6973.0,1.6849999999994907,4759.109632,0.0,1411774.0,33.9,12.0,28448.169984,621.0,0.006879121000565647,0.0007585000003018649,0.02544104300068284,,0.10829541600014636,,,0.364476048999677,,,,,,
894,495,,,1681386544,,,,,,,,,,,,,,,,,,,,,,,,,,,,,,,3.0,,12800.0,7.034423828125,,0.5101465250008914,1.0,0.0001,0.004296395999517699,0.0,399.0
895,496,,,1681386545,10.375,0.0,5.036000000000001,8532.271104,0.036803393746968366,865426.0,0.23937380947296544,2389.0944,1592.0,6180.683776,0.0,0.0,0.0,15.5,499523.0,30.14984652540651,20864.385024,2.654208,6987.0,1.6879999999991924,4759.109632,0.0,1413278.0,33.9,12.0,28448.169984,622.0,0.00680136500068329,0.0006019689999448019,0.02453076100027829,,0.10882696899989242,,,0.36448963599923445,,,,,,
896,496,,,1681386545,,,,,,,,,,,,,,,,,,,,,,,,,,,,,,,3.0,,12832.0,6.8726806640625,,0.5096039439995366,1.0,0.0001,0.00435324399950332,0.0,400.0
897,497,,,1681386546,10.375,0.0,5.043999999999983,8533.192704,0.008170670913926637,866491.0,0.21525409104027154,2389.07392,1594.0,6180.663296,0.0,0.0,0.0,15.5,500476.0,26.305490962000103,20863.463424,2.654208,6998.0,1.6899999999995998,4759.109632,0.0,1414774.0,33.9,12.0,28448.169984,622.0,0.006806106000112777,0.0007218000000648317,0.02493797200077097,,0.10915795699929731,,,0.3621210390001579,,,,,,
898,497,,,1681386546,,,,,,,,,,,,,,,,,,,,,,,,,,,,,,,3.0,,12864.0,7.2127685546875,,0.5080544570000711,1.0,0.0001,0.004309582999667327,0.0,401.0
899,498,,,1681386547,,,,,,,,,,,,,,,,,,,,,,,,,,,,0.006847621999440889,0.0008150530002239975,0.026608299000145053,3.0,0.10885655499987479,12896.0,7.215576171875,0.3616621009996379,0.5095443139989584,1.0,0.0001,0.004754683999635745,0.0,402.0
900,498,,,1681386547,10.375,0.0,5.055999999999983,8533.282816,0.01225813137449188,867791.0,0.21417413517057013,2389.07392,1597.0,6180.663296,0.0,0.0,0.0,15.5,501461.0,27.385407678371223,20882.644992,2.654208,7034.0,1.6929999999993015,4759.109632,0.0,1416393.0,33.8,12.0,28448.169984,624.0,0.00698598500002845,0.0006940820003364934,0.024710993999178754,,,,,,,,,,,
901,499,,,1681386548,,,,,,,,,,,,,,,,,,,,,,,,,,,,,,,3.0,0.10821866800051794,12928.0,7.213623046875,0.36360459399929823,0.5085380789996634,1.0,0.0001,0.004323756000303547,0.0,403.0
902,499,,,1681386548,10.375,0.0,5.063999999999993,8530.853888,0.008172206143220655,869130.0,0.20628435982764587,2389.0944,1599.0,6180.683776,0.0,0.0,0.0,15.25,502637.0,47.030719161084754,20885.069824,2.654208,7044.0,1.6939999999995052,4759.109632,0.0,1418287.0,33.8,12.0,28448.169984,627.0,0.006580590999874403,0.0007289719997061184,0.025764441000319493,,,,,,,,,,,
903,500,,,1681386549,,,,,,,,,,,,,,,,,,,,,,,,,,,,,,,3.0,0.10962718799964932,12960.0,7.224365234375,0.3618863149995377,0.508843852998325,1.0,0.0001,0.004256345999237965,0.0,404.0
904,500,,,1681386549,10.375,0.0,5.079999999999984,8532.557824,0.13891039038258496,870290.0,0.21830029581379945,2389.07392,1605.0,6180.663296,0.0,0.0,0.0,15.25,503756.0,45.170701679994494,20864.233472,2.654208,7057.0,1.7009999999991123,4759.109632,0.0,1419988.0,33.9,12.0,28448.169984,627.0,0.007113372000276286,0.0008422900000368827,0.025592844000129844,,,,,,,,,,,
905,501,,,1681386550,,,,,,,,,,,,,,,,,,,,,,,,,,,,,,,3.0,0.10978403199987952,12992.0,7.145751953125,0.36249862700060476,0.5099762090003424,1.0,0.0001,0.004145043999415066,0.0,405.0
906,501,,,1681386550,10.375,0.0,5.087999999999994,8532.013056,0.00817218087885452,871267.0,0.19912508308110213,2389.0944,1607.0,6180.683776,0.0,0.0,0.0,15.25,504698.0,28.97466681808361,20864.643072,2.654208,7069.0,1.7029999999995198,4759.109632,0.0,1421425.0,33.9,12.0,28448.169984,628.0,0.006740234999597305,0.0006074600005376851,0.024514957000064896,,,,,,,,,,,
907,501,,,1681386550,,,,,,,,,,,,,,,,,,,,,,,,,,,,,,,3.0,0.10925720900013403,13024.0,6.92132568359375,0.36288703299942426,0.5081830219996846,1.0,0.0001,0.004176127999926393,0.0,406.0
908,502,,,1681386551,10.375,0.0,5.095999999999975,8533.762048,0.008171937921706233,872643.0,0.2681576739500018,2389.07392,1609.0,6180.663296,0.0,0.0,0.0,15.25,505718.0,30.7120340758269,20862.754816,2.654208,7087.0,1.7049999999999272,4759.109632,0.0,1423118.0,33.9,12.0,28448.169984,630.0,0.006882776000566082,0.000583567999456136,0.02452344900029857,,,,,0.36700762799955555,,,,,,
909,502,,,1681386551,,,,,,,,,,,,,,,,,,,,,,,,,,,,,,,3.0,0.10983730099997047,13056.0,7.1485595703125,,0.5130159609998373,1.0,0.0001,0.004181238999990455,0.0,407.0
910,503,,,1681386552,10.375,0.0,5.107999999999976,8532.713472,0.008172149779997853,873807.0,0.25330472070179455,2389.0944,1611.0,6180.683776,0.0,0.0,0.0,15.25,506698.0,26.412244434175904,20863.934464,2.654208,7099.0,1.7069999999994252,4759.109632,0.0,1424667.0,33.9,12.0,28448.17408,634.0,0.007037204999505775,0.0006974919997446705,0.026729571000032593,,0.10954456900071818,,,0.35914918199978274,,,,,,
911,503,,,1681386552,,,,,,,,,,,,,,,,,,,,,,,,,,,,,,,3.0,,13088.0,7.4560546875,,0.5075703740003519,1.0,0.0001,0.0044123550005679135,0.0,408.0
912,504,,,1681386553,10.375,0.0,5.1159999999999854,8533.487616,0.008173220883167184,875252.0,0.26205389453614963,2389.069824,1613.0,6180.6592,0.0,0.0,0.0,15.0,507832.0,41.61237375198439,20863.164416,2.654208,7111.0,1.707999999999629,4759.109632,0.0,1426550.0,33.9,12.0,28448.169984,636.0,0.0067047310003545135,0.0007346630000029108,0.024367295999581984,,0.10856317300022056,,,0.3649900999998863,,,,,,
913,504,,,1681386553,,,,,,,,,,,,,,,,,,,,,,,,,,,,,,,3.0,,13120.0,7.3218994140625,,0.5094428120000885,1.0,0.0001,0.004082849000042188,0.0,409.0
914,505,,,1681386554,10.375,0.0,5.135999999999996,8533.516288,0.04089744918274612,876312.0,0.1942948347428738,2389.090304,1617.0,6180.67968,0.0,0.0,0.0,15.0,508738.0,28.77919151630417,20863.131648,2.654208,7122.0,1.7119999999995343,4759.109632,0.0,1428006.0,33.9,12.0,28448.169984,638.0,0.00695340899983421,0.0006407989994841046,0.02919068099981814,,0.11043274300027406,,,0.3612102450006205,,,,,,
915,505,,,1681386554,,,,,,,,,,,,,,,,,,,,,,,,,,,,,,,3.0,,13152.0,7.1827392578125,,0.513599812999928,1.0,0.0001,0.005171935999896959,0.0,410.0
916,506,,,1681386555,,,,,,,,,,,,,,,,,,,,,,,,,,,,0.006796694000513526,0.0006503630002043792,0.024863628999810317,3.0,0.11024111799997627,13184.0,7.3565673828125,0.3632256699993377,0.5097678230004021,1.0,0.0001,0.003990349000559945,0.0,411.0
917,506,,,1681386555,10.375,0.0,5.147999999999996,8532.004864,0.012247702898788647,877717.0,0.22423024294337227,2389.090304,1620.0,6180.67968,0.0,0.0,0.0,15.0,509812.0,35.57040708637355,20883.787776,2.654208,7152.0,1.7139999999999418,4759.109632,0.0,1429769.0,33.8,12.0,28448.169984,639.0,0.00678656900072383,0.0007199889996627462,0.024168963999727566,,,,,,,,,,,
918,507,,,1681386556,,,,,,,,,,,,,,,,,,,,,,,,,,,,,,,3.0,0.1087667940000756,13216.0,7.19921875,0.3631070860001273,0.5078305779998118,1.0,0.0001,0.004281175999494735,0.0,412.0
919,507,,,1681386556,10.375,0.0,5.1559999999999775,8529.321984,0.00817149481169007,878939.0,0.19171890911184164,2389.069824,1622.0,6180.6592,0.0,0.0,0.0,15.0,510835.0,34.89290529458018,20876.746752,2.654208,7173.0,1.7159999999994398,4759.109632,0.0,1431425.0,33.8,12.0,28448.169984,640.0,0.00674770199930208,0.0006074660004742327,0.023850552000112657,,,,,,,,,,,
920,508,,,1681386557,,,,,,,,,,,,,,,,,,,,,,,,,,,,,,,3.0,0.11022608700022829,13248.0,7.020751953125,0.36502669399942533,0.5105861339998228,1.0,0.0001,0.004127633000280184,0.0,413.0
921,508,,,1681386557,10.375,0.0,5.167999999999978,8531.021824,0.00817197679692762,880001.0,0.1915307061321739,2389.090304,1624.0,6180.67968,0.0,0.0,0.0,15.0,511830.0,43.402222670137846,20865.6384,2.654208,7183.0,1.7179999999998472,4759.109632,0.0,1432983.0,33.9,12.0,28448.169984,641.0,0.00676954000027763,0.0007113100000424311,0.024623070000416192,,,,,,,,,,,
922,509,,,1681386558,,,,,,,,,,,,,,,,,,,,,,,,,,,,,,,3.0,0.10959530800028006,13280.0,7.1658935546875,0.36283516899948154,0.5086940870005492,1.0,0.0001,0.0041596900000513415,0.0,414.0
923,509,,,1681386558,10.5,0.0,5.179999999999978,8529.154048,0.024515650513552898,881096.0,0.21533391855677658,2389.069824,1629.0,6180.6592,0.0,0.0,0.0,14.875,512825.0,35.34460119094661,20867.366912,2.654208,7201.0,1.7219999999997526,4759.109632,0.0,1434538.0,33.9,12.0,28448.169984,643.0,0.006795585999498144,0.0006295290004345588,0.024029699000493565,,,,,,,,,,,
924,509,,,1681386558,,,,,,,,,,,,,,,,,,,,,,,,,,,,,,,3.0,0.11042018699936307,13312.0,7.1888427734375,0.36404667499937204,0.5102334359989982,1.0,0.0001,0.004311759999836795,0.0,415.0
925,510,,,1681386559,10.5,0.0,5.195999999999998,8530.931712,0.036771945294561535,882307.0,0.8832768091810136,2389.090304,1633.0,6180.67968,0.0,0.0,0.0,14.875,513738.0,29.293403038935587,20865.728512,2.654208,7226.0,1.725999999999658,4759.109632,0.0,1436074.0,33.9,12.0,28448.169984,645.0,0.006730490999871108,0.0005769459994553472,0.023580717999720946,,,,,0.3631265499998335,,,,,,
926,510,,,1681386559,,,,,,,,,,,,,,,,,,,,,,,,,,,,,,,3.0,0.11058924099961587,13344.0,7.14501953125,,0.5088862879983935,1.0,0.0001,0.004282341999896744,0.0,416.0
927,511,,,1681386560,10.5,0.0,5.203999999999979,8533.794816,0.008171543395968978,883640.0,0.2100262213946703,2389.069824,1635.0,6180.6592,0.0,0.0,0.0,14.875,514730.0,31.77836619443898,20862.861312,2.654208,7255.0,1.7269999999998618,4759.109632,0.0,1437729.0,33.9,12.0,28448.169984,648.0,0.006675814000118407,0.0006918810004208353,0.023364538999885553,,0.1090217559994926,,,0.3624652810003681,,,,,,
928,511,,,1681386560,,,,,,,,,,,,,,,,,,,,,,,,,,,,,,,3.0,,13376.0,7.1556396484375,,0.5061500190004153,1.0,0.0001,0.0039307480001298245,0.0,417.0
929,512,,,1681386561,10.5,0.0,5.211999999999989,8533.692416,0.008168994476805379,884951.0,0.2940518909904983,2389.090304,1637.0,6180.67968,0.0,0.0,0.0,14.875,515714.0,26.358792362161676,20862.963712,2.654208,7268.0,1.7289999999993597,4759.109632,0.0,1439354.0,33.9,12.0,28448.169984,649.0,0.006789256000047317,0.0007009229993855115,0.02453543699994043,,0.10886814999958006,,,0.3629024470001241,,,,,,
930,512,,,1681386561,,,,,,,,,,,,,,,,,,,,,,,,,,,,,,,3.0,,13408.0,7.2230224609375,,0.5079993389990705,1.0,0.0001,0.004203125999993063,0.0,418.0
931,513,,,1681386562,10.5,0.0,5.2239999999999895,8532.50048,0.008168988650297991,886174.0,0.18028415476705448,2389.069824,1639.0,6180.6592,0.0,0.0,0.0,14.875,516766.0,32.30294932098201,20864.155648,2.654208,7279.0,1.7309999999997672,4759.109632,0.0,1440991.0,33.9,12.0,28448.169984,650.0,0.00667349900049885,0.0006312249997790786,0.024527719000616344,,0.1105002610001975,,,0.36693112200009637,,,,,,
932,513,,,1681386562,,,,,,,,,,,,,,,,,,,,,,,,,,,,,,,3.0,,13440.0,7.4365234375,,0.5133558980014641,1.0,0.0001,0.004092072000275948,0.0,419.0
933,514,,,1681386563,,,,,,,,,,,,,,,,,,,,,,,,,,,,0.006705054999656568,0.0005897040000490961,0.023419127000124718,3.0,0.10909727899979771,13472.0,7.3284912109375,0.364007453999875,0.5076317629991536,1.0,0.0001,0.0038131439996504923,0.0,420.0
934,514,,,1681386563,10.625,0.0,5.239999999999981,8531.00544,0.08158876661041974,887475.0,0.21511866307836586,2389.069824,1645.0,6180.6592,0.0,0.0,0.0,16.625,517743.0,30.689439273329228,20884.7872,2.654208,7303.0,1.7359999999998763,4759.109632,0.0,1442624.0,33.8,12.5,28448.169984,651.0,0.006802859999879729,0.000962281999818515,0.025187901000208512,,,,,,,,,,,
935,515,,,1681386564,,,,,,,,,,,,,,,,,,,,,,,,,,,,,,,3.0,0.1085875290000331,13504.0,7.543212890625,0.36298888999954215,0.5084690180001417,1.0,0.0001,0.00393955600065965,0.0,421.0
936,515,,,1681386564,10.625,0.0,5.256,8527.466496,0.008168425460482501,889043.0,0.21997314499034762,2389.090304,1647.0,6180.67968,0.0,0.0,0.0,16.625,518820.0,40.180349225833595,20888.461312,2.654208,7333.0,1.7379999999993743,4759.109632,0.0,1444498.0,33.8,12.5,28448.169984,652.0,0.0067219060001662,0.0005820599999424303,0.022892195000167703,,,,,,,,,,,
937,516,,,1681386565,,,,,,,,,,,,,,,,,,,,,,,,,,,,,,,3.0,0.10880105599972012,13536.0,7.423095703125,0.3691177089995108,0.5120665559998088,1.0,0.0001,0.00395163000030152,0.0,422.0
938,516,,,1681386565,10.625,0.0,5.268000000000001,8525.39392,0.028603646740501105,890418.0,0.2309920054489027,2389.069824,1651.0,6180.6592,0.0,0.0,0.0,16.625,519961.0,39.1979698102939,20871.401472,2.654208,7345.0,1.7419999999992797,4759.109632,0.0,1446345.0,33.9,12.5,28448.169984,653.0,0.006716059000609675,0.0006814309999754187,0.023772114000166766,,,,,,,,,,,
939,517,,,1681386566,,,,,,,,,,,,,,,,,,,,,,,,,,,,,,,3.0,0.10822127800020098,13568.0,7.286376953125,0.3651022390004073,0.5086965400014378,1.0,0.0001,0.004203419000077702,0.0,423.0
940,517,,,1681386566,10.625,0.0,5.275999999999982,8532.795392,0.008172313051635982,891557.0,0.22500995523835676,2389.131264,1653.0,6180.724736,0.0,0.0,0.0,16.625,521259.0,65.01165214416966,20863.860736,2.654208,7359.0,1.7439999999996871,4759.109632,0.0,1448207.0,33.9,12.5,28448.169984,653.0,0.006814667000071495,0.0006371949993990711,0.023398473000270315,,,,,,,,,,,
941,518,,,1681386567,,,,,,,,,,,,,,,,,,,,,,,,,,,,,,,3.0,0.10931914400043752,13600.0,7.2039794921875,0.36649055900034,0.5109243220003918,1.0,0.0001,0.004264283999873442,0.0,424.0
942,518,,,1681386567,10.625,0.0,5.283999999999992,8531.673088,0.008162303354348322,892649.0,0.21139090333846777,2389.110784,1655.0,6180.704256,0.0,0.0,0.0,16.625,522153.0,33.01729026533761,20864.98304,2.654208,7378.0,1.7449999999998909,4759.109632,0.0,1449673.0,33.9,12.5,28448.169984,656.0,0.006801948999964225,0.0006837800001449068,0.02393820900033461,,,,,0.3652149269992151,,,,,,
943,518,,,1681386567,,,,,,,,,,,,,,,,,,,,,,,,,,,,,,,3.0,0.10974896700008685,13632.0,7.2205810546875,,0.5107390789999045,1.0,0.0001,0.004351247000158764,0.0,425.0
944,519,,,1681386568,10.625,0.0,5.295999999999992,8531.140608,0.04493548435488894,894732.0,0.29311786649183125,2389.131264,1659.0,6180.724736,0.0,0.0,0.0,16.375,523485.0,38.94910763859275,20865.511424,2.654208,7407.0,1.7489999999997963,4759.109632,0.0,1451981.0,33.9,12.5,28448.169984,658.0,0.006838991999757127,0.0007343480001509306,0.024615123999865318,,0.10863653599972167,,,0.36456071000066004,,,,,,
945,519,,,1681386568,,,,,,,,,,,,,,,,,,,,,,,,,,,,,,,3.0,,13664.0,7.19384765625,,0.509822484000324,1.0,0.0001,0.004436774000168953,0.0,426.0
946,520,,,1681386569,10.625,0.0,5.304000000000002,8530.624512,0.008169087698426166,895920.0,0.21082468816179498,2389.110784,1661.0,6180.704256,0.0,0.0,0.0,16.375,524404.0,31.7915524472503,20866.023424,2.654208,7421.0,1.7509999999992942,4759.109632,0.0,1453565.0,33.9,12.5,28448.169984,659.0,0.006726720000187925,0.000680180999552249,0.024187060000258498,,0.1093280640006924,,,0.36554264100050204,,,,,,
947,520,,,1681386569,,,,,,,,,,,,,,,,,,,,,,,,,,,,,,,3.0,,13696.0,7.0074462890625,,0.5107530610011963,1.0,0.0001,0.00428839500000322,0.0,427.0
948,521,,,1681386570,10.625,0.0,5.3160000000000025,8530.69824,0.008169231428481052,896993.0,0.2173302759223745,2389.131264,1663.0,6180.724736,0.0,0.0,0.0,16.375,525297.0,25.571696786632252,20865.806336,2.654208,7436.0,1.751999999999498,4759.109632,0.0,1455007.0,33.9,12.5,28448.169984,659.0,0.006881604999762203,0.000696287999744527,0.025019998999596282,,0.10882417800075928,,,0.3618555749999359,,,,,,
949,521,,,1681386570,,,,,,,,,,,,,,,,,,,,,,,,,,,,,,,3.0,,13728.0,6.85400390625,,0.507348181999987,1.0,0.0001,0.004070537000188779,0.0,428.0
950,522,,,1681386571,,,,,,,,,,,,,,,,,,,,,,,,,,,,0.006906758000695845,0.0007084779999786406,0.02400959900023736,3.0,0.10843459399984567,13760.0,7.1466064453125,0.36284228099975735,0.5068897790006304,1.0,0.0001,0.003988069000115502,0.0,429.0
951,522,,,1681386571,10.625,0.0,5.328000000000003,8529.686528,0.01225574407585876,898486.0,0.261599495580728,2389.131264,1666.0,6180.724736,0.0,0.0,0.0,16.375,526380.0,29.88766656982604,20886.106112,2.654208,7465.0,1.7549999999991996,4759.109632,0.0,1456822.0,33.8,12.5,28448.169984,660.0,0.006782450000173412,0.0009154189992841566,0.02811106899935112,,,,,,,,,,,
952,523,,,1681386572,,,,,,,,,,,,,,,,,,,,,,,,,,,,,,,3.0,0.10912910900060524,13792.0,7.32568359375,0.3595123960003548,0.5086047220002001,1.0,0.0001,0.004154279000431416,0.0,430.0
953,523,,,1681386572,10.625,0.0,5.340000000000003,8528.334848,0.008170412503761592,899833.0,0.25745576203939535,2389.110784,1668.0,6180.704256,0.0,0.0,0.0,16.375,527475.0,37.99144472600323,20887.73632,2.654208,7482.0,1.756999999999607,4759.109632,0.0,1458622.0,33.8,12.5,28448.169984,664.0,0.006945631000235153,0.00073551200057409,0.02443822200075374,,,,,,,,,,,
954,524,,,1681386573,,,,,,,,,,,,,,,,,,,,,,,,,,,,,,,3.0,0.10857019899958686,13824.0,6.9681396484375,0.3616393980000794,0.50655229700169,1.0,0.0001,0.004223335000460793,0.0,431.0
955,524,,,1681386573,10.625,0.0,5.3559999999999945,8530.067456,0.036773834359598016,900980.0,0.19926342668316097,2389.131264,1672.0,6180.724736,0.0,0.0,0.0,16.0,528546.0,40.59099507445098,20866.584576,2.654208,7492.0,1.7599999999993088,4759.109632,0.0,1460288.0,33.9,12.5,28448.169984,665.0,0.006887266999910935,0.000634747000731295,0.025046159999874362,,,,,,,,,,,
956,525,,,1681386574,,,,,,,,,,,,,,,,,,,,,,,,,,,,,,,3.0,0.1090907990001142,13856.0,7.1749267578125,0.36386649799987936,0.5095653650005261,1.0,0.0001,0.00403989400001592,0.0,432.0
957,525,,,1681386574,10.625,0.0,5.367999999999995,8529.010688,0.008171444288281697,902022.0,0.21356676117245535,2389.110784,1674.0,6180.704256,0.0,0.0,0.0,16.0,529456.0,29.10262276840458,20867.641344,2.654208,7503.0,1.7619999999997162,4759.109632,0.0,1461743.0,33.9,12.5,28448.169984,666.0,0.0070561960001214175,0.0007322940000449307,0.031001487999674282,,,,,,,,,,,
958,526,,,1681386575,,,,,,,,,,,,,,,,,,,,,,,,,,,,,,,3.0,0.10923617699972965,13888.0,7.0244140625,0.35896456399950694,0.5122001439985979,1.0,0.0001,0.0052094249995207065,0.0,433.0
959,526,,,1681386575,10.625,0.0,5.375999999999976,8530.88256,0.008164153570310374,903281.0,0.1873370278475628,2389.131264,1676.0,6180.724736,0.0,0.0,0.0,16.0,530413.0,37.79188283409589,20865.769472,2.654208,7518.0,1.7639999999992142,4759.109632,0.0,1463395.0,33.9,12.5,28448.169984,667.0,0.006783087000258092,0.0006701450001855846,0.024870900000678375,,,,,0.36492305400042824,,,,,,
960,526,,,1681386575,,,,,,,,,,,,,,,,,,,,,,,,,,,,,,,3.0,0.1083785569999236,13920.0,7.1436767578125,,0.5098325140006637,1.0,0.0001,0.004206770999189757,0.0,434.0
961,527,,,1681386576,10.625,0.0,5.383999999999986,8530.69824,0.07352916657974738,904842.0,0.20793371739122204,2391.154688,1681.0,6182.74816,0.0,0.0,0.0,16.0,531414.0,24.979252516081022,20865.9456,2.654208,7559.0,1.7679999999991196,4759.109632,0.0,1465165.0,33.9,12.5,28448.165888,669.0,0.0072303629995076335,0.0008367480004380923,0.030126307000500674,,0.11645842800044193,,,0.3614858319997438,,,,,,
962,527,,,1681386576,,,,,,,,,,,,,,,,,,,,,,,,,,,,,,,3.0,,13952.0,7.3233642578125,,0.5216973650003638,1.0,0.0001,0.005559686999731639,0.0,435.0
963,528,,,1681386577,10.625,0.0,5.391999999999996,8532.652032,0.008169973448050542,907351.0,0.37548368197326276,2389.123072,1683.0,6180.716544,0.0,0.0,0.0,16.0,532880.0,33.55323522653053,20864.0,2.654208,7579.0,1.769999999999527,4759.109632,0.0,1467772.0,33.9,12.5,28448.169984,670.0,0.006750271000782959,0.000759106000259635,0.024700222999854304,,0.10897948099955101,,,0.3646307409999281,,,,,,
964,528,,,1681386577,,,,,,,,,,,,,,,,,,,,,,,,,,,,,,,3.0,,13984.0,7.2645263671875,,0.5098020269997505,1.0,0.0001,0.003982204999374517,0.0,436.0
965,529,,,1681386578,10.75,0.0,5.399999999999977,8532.185088,0.00817179216015758,909175.0,0.3063703835859432,2389.102592,1685.0,6180.696064,0.0,0.0,0.0,16.75,534157.0,27.93100205336775,20864.458752,2.654208,7593.0,1.7719999999999345,4759.109632,0.0,1469885.0,33.9,12.75,28448.169984,672.0,0.006754084000021976,0.0007187900000644731,0.024267176999273943,,0.10932837899963488,,,0.36273113199968066,,,,,,
966,529,,,1681386578,,,,,,,,,,,,,,,,,,,,,,,,,,,,,,,3.0,,14016.0,7.374267578125,,0.5083287679990462,1.0,0.0001,0.004529206000370323,0.0,437.0
967,530,,,1681386579,,,,,,,,,,,,,,,,,,,,,,,,,,,,0.006796687999667483,0.0007649110002603265,0.02381772499938961,3.0,0.10960745900047186,14048.0,7.2667236328125,0.3670106219997251,0.5125439289995484,1.0,0.0001,0.004546524000033969,0.0,438.0
968,530,,,1681386579,10.75,0.0,5.411999999999978,8529.887232,0.012250142383187874,911190.0,0.24803348188706825,2389.102592,1688.0,6180.696064,0.0,0.0,0.0,16.75,535514.0,26.014836228263256,20885.889024,2.654208,7628.0,1.7739999999994325,4759.109632,0.0,1472098.0,33.8,12.75,28448.169984,674.0,0.006911987999956182,,,,,,,,,,,,,
969,531,,,1681386580,,,,,,,,,,,,,,,,,,,,,,,,,,,,,0.0007769949997964432,0.026810086999830673,3.0,0.10954477399991447,14080.0,7.3809814453125,0.36253235999993194,0.5114334169993526,1.0,0.0001,0.004857212999922922,0.0,439.0
970,531,,,1681386580,10.75,0.0,5.427999999999997,8529.2032,0.0694461943971588,912721.0,0.24813610359443222,2389.123072,1691.0,6180.716544,0.0,0.0,0.0,16.75,536737.0,35.474662359718984,20886.728704,2.654208,7650.0,1.77599999999984,4759.109632,0.0,1474066.0,33.8,12.75,28448.169984,676.0,0.0069076129993845825,0.0007909139994808356,0.023896538999906625,,,,,,,,,,,
971,532,,,1681386581,,,,,,,,,,,,,,,,,,,,,,,,,,,,,,,3.0,0.10824451999997109,14112.0,7.16845703125,0.3659367289992588,0.5100564799986387,1.0,0.0001,0.004280165000636771,0.0,440.0
972,532,,,1681386581,10.75,0.0,5.443999999999988,8529.46944,0.040860952979220475,913892.0,0.21135966380226365,2389.102592,1695.0,6180.696064,0.0,0.0,0.0,16.75,537855.0,45.19716998340455,20867.190784,2.654208,7665.0,1.7789999999995416,4759.109632,0.0,1475751.0,33.9,12.75,28448.169984,678.0,0.006969156000195653,0.0006620820004172856,0.023555529000077513,,,,,,,,,,,
973,533,,,1681386582,,,,,,,,,,,,,,,,,,,,,,,,,,,,,,,3.0,0.10875698000018019,14144.0,7.4273681640625,0.3670522640004492,0.5110430860013366,1.0,0.0001,0.0040470750000167754,0.0,441.0
974,533,,,1681386582,10.75,0.0,5.455999999999989,8529.248256,0.008172281951773355,915209.0,0.24088279893286402,2389.123072,1697.0,6180.716544,0.0,0.0,0.0,16.75,538931.0,35.24398744731721,20867.407872,2.654208,7677.0,1.780999999999949,4759.109632,0.0,1477450.0,33.9,12.75,28448.169984,679.0,0.006698241999401944,0.0006243179996090475,0.02389556399975845,,,,,,,,,,,
975,534,,,1681386583,,,,,,,,,,,,,,,,,,,,,,,,,,,,,,,3.0,0.10964455200064549,14176.0,7.380126953125,0.3659297999993214,0.5111347449983441,1.0,0.0001,0.004342268999607768,0.0,442.0
976,534,,,1681386583,10.75,0.0,5.47199999999998,8528.920576,0.00817018908271427,916437.0,0.22236637677590873,2389.102592,1699.0,6180.696064,0.0,0.0,0.0,16.375,539963.0,38.238647146553184,20867.874816,2.654208,7696.0,1.7819999999992433,4759.109632,0.0,1479143.0,33.9,12.75,28448.169984,680.0,0.0067388289999144035,0.0006451319995903759,0.02440938199924858,,,,,0.3661428020004678,,,,,,
977,534,,,1681386583,,,,,,,,,,,,,,,,,,,,,,,,,,,,,,,3.0,0.10902353300025425,14208.0,7.2083740234375,,0.5112873939997371,1.0,0.0001,0.0043277160002617165,0.0,443.0
978,535,,,1681386584,10.75,0.0,5.47999999999999,8529.219584,0.008172262514479412,917693.0,0.19072336869076045,2389.123072,1701.0,6180.716544,0.0,0.0,0.0,16.375,540917.0,27.503063146226715,20867.432448,2.654208,7720.0,1.7839999999996508,4759.109632,0.0,1480746.0,33.9,12.75,28448.169984,681.0,0.006764599000234739,0.0007540919996245066,0.02421008399960556,,0.10928737700032798,,,0.364996412000437,,,,,,
979,535,,,1681386584,,,,,,,,,,,,,,,,,,,,,,,,,,,,,,,3.0,,14240.0,7.117431640625,,0.5104259620002267,1.0,0.0001,0.00441339799999696,0.0,444.0
980,536,,,1681386585,10.75,0.0,5.49199999999999,8531.709952,0.008172923434348217,918942.0,0.27168585320795524,2389.102592,1703.0,6180.696064,0.0,0.0,0.0,16.375,541927.0,35.48344146452281,20864.94208,2.654208,7733.0,1.7859999999991487,4759.109632,0.0,1482408.0,33.9,12.75,28448.169984,683.0,0.006815713999458239,0.0006819959999120329,0.024033013999542163,,0.10906459200032259,,,0.366059463000056,,,,,,
981,536,,,1681386585,,,,,,,,,,,,,,,,,,,,,,,,,,,,,,,3.0,,14272.0,7.012939453125,,0.5111790909995761,1.0,0.0001,0.004524312000285136,0.0,445.0
982,537,,,1681386586,10.75,0.0,5.507999999999981,8531.156992,0.0367763184220491,920097.0,0.22202265672853677,2389.123072,1707.0,6180.716544,0.0,0.0,0.0,16.375,542893.0,32.235680149407145,20865.490944,2.654208,7752.0,1.78899999999976,4759.109632,0.0,1483969.0,33.9,12.75,28448.169984,686.0,0.006761431000086304,0.0006478550003521377,0.024298199999975623,,0.10883108999951219,,,0.36619594100011454,,,,,,
983,537,,,1681386586,,,,,,,,,,,,,,,,,,,,,,,,,,,,,,,3.0,,14304.0,7.1240234375,,0.5111162839993995,1.0,0.0001,0.0043817669993586605,0.0,446.0
984,538,,,1681386587,,,,,,,,,,,,,,,,,,,,,,,,,,,,0.0066564829994604224,0.0006615140000576503,0.023552937999738788,3.0,0.11027781899974798,14336.0,7.169921875,0.36948748099985096,0.5150905679984135,1.0,0.0001,0.004454332999557664,0.0,447.0
985,538,,,1681386587,10.75,0.0,5.524000000000001,8531.341312,0.012254214245241197,921300.0,0.1912487134337241,2389.123072,1710.0,6180.716544,0.0,0.0,0.0,16.375,543829.0,31.036222884991055,20884.443136,2.654208,7775.0,1.7909999999992579,4759.109632,0.0,1485525.0,33.8,12.75,28448.169984,688.0,0.006780521000109729,,,,,,,,,,,,,
986,539,,,1681386588,,,,,,,,,,,,,,,,,,,,,,,,,,,,,0.0007051399998090346,0.025083414000619086,3.0,0.10966037399975903,14368.0,7.230224609375,0.36393510099969717,0.5101918209993528,1.0,0.0001,0.004027270999358734,0.0,448.0
987,539,,,1681386588,10.75,0.0,5.536000000000001,8526.368768,0.008171617248808313,922838.0,0.18944745455472248,2389.102592,1712.0,6180.696064,0.0,0.0,0.0,16.125,544824.0,28.934866744105733,20889.554944,2.654208,7804.0,1.7929999999996653,4759.109632,0.0,1487317.0,33.8,12.75,28448.169984,689.0,0.006726791000801313,0.0006382350002240855,0.02425360699999146,,,,,,,,,,,
988,540,,,1681386589,,,,,,,,,,,,,,,,,,,,,,,,,,,,,,,3.0,0.11033372200017766,14400.0,7.1585693359375,0.3634861919999821,0.5101823650011283,1.0,0.0001,0.004743817999951716,0.0,449.0
989,540,,,1681386589,10.75,0.0,5.543999999999983,8530.26816,0.07762825918833584,924382.0,0.9402371779653195,2389.123072,1717.0,6180.716544,0.0,0.0,0.0,16.125,546352.0,64.66713286145261,20866.371584,2.654208,7816.0,1.7969999999995707,4759.109632,0.0,1489589.0,33.9,12.75,28448.169984,694.0,0.006663211000159208,0.0006612470006075455,0.024556591999498778,,,,,,,,,,,
990,541,,,1681386590,,,,,,,,,,,,,,,,,,,,,,,,,,,,,,,3.0,0.11041384999953152,14432.0,7.2347412109375,0.3629778520007676,0.5100064020007267,1.0,0.0001,0.004733650000162015,0.0,450.0
991,541,,,1681386590,10.75,0.0,5.560000000000002,8530.939904,0.0245126947388026,925511.0,0.19831982911022936,2389.102592,1722.0,6180.704256,0.0,0.0,0.0,16.125,547472.0,36.457390963175094,20865.859584,2.654208,7831.0,1.8009999999994761,4759.109632,0.0,1491235.0,33.9,12.75,28448.169984,696.0,0.006756062999556889,0.0007418520008286578,0.024537467999834917,,,,,,,,,,,
992,542,,,1681386591,,,,,,,,,,,,,,,,,,,,,,,,,,,,,,,3.0,0.11024416000054771,14464.0,7.270751953125,0.3627216810000391,0.5094899390005594,1.0,0.0001,0.004488714999752119,0.0,451.0
993,542,,,1681386591,10.75,0.0,5.567999999999984,8531.2512,0.008179910443474018,926793.0,0.21775816284006455,2389.123072,1724.0,6180.724736,0.0,0.0,0.0,16.125,548470.0,31.26811507758574,20865.404928,2.654208,7846.0,1.8029999999998836,4759.109632,0.0,1492883.0,33.9,12.75,28448.169984,698.0,0.006769533999431587,0.0006927639997229562,0.024361521000173525,,,,,0.3610545249994175,,,,,,
994,542,,,1681386591,,,,,,,,,,,,,,,,,,,,,,,,,,,,,,,3.0,0.10818348300017533,14496.0,7.22119140625,,0.5052105009990555,1.0,0.0001,0.004148674000134633,0.0,452.0
995,543,,,1681386592,10.75,0.0,5.579999999999984,8531.92704,0.008172923434348217,928076.0,0.2547972731184862,2389.102592,1726.0,6180.704256,0.0,0.0,0.0,16.125,549496.0,31.633012818885312,20864.724992,2.654208,7866.0,1.8049999999993815,4759.109632,0.0,1494547.0,33.9,12.75,28448.169984,699.0,0.006907611000315228,0.0006446999996114755,0.027001629000551475,,0.10874392400000943,,,0.3620945259999644,,,,,,
996,543,,,1681386592,,,,,,,,,,,,,,,,,,,,,,,,,,,,,,,3.0,,14528.0,7.05322265625,,0.5099804990004486,1.0,0.0001,0.004588108999996621,0.0,453.0
997,544,,,1681386593,10.75,0.0,5.5919999999999845,8532.533248,0.008178570879734517,929575.0,0.2966009845400555,2389.123072,1728.0,6180.724736,0.0,0.0,0.0,15.75,550553.0,31.845310358482553,20864.114688,2.654208,7877.0,1.806999999999789,4759.109632,0.0,1496366.0,33.9,12.75,28448.169984,700.0,0.006796991000555863,0.0007764769998175325,0.024290674999974726,,0.10839881599986256,,,0.3646663780000381,,,,,,
998,544,,,1681386593,,,,,,,,,,,,,,,,,,,,,,,,,,,,,,,3.0,,14560.0,7.0277099609375,,0.5093160980004541,1.0,0.0001,0.004386761000205297,0.0,454.0
999,545,,,1681386594,10.75,0.0,5.607999999999976,8535.138304,0.03677187532928814,930696.0,0.21531656687721154,2389.102592,1732.0,6180.704256,0.0,0.0,0.0,15.75,551560.0,31.803881658069763,20861.505536,2.654208,7890.0,1.8099999999994907,4759.109632,0.0,1497921.0,33.9,12.75,28448.169984,701.0,0.006791992999751528,0.0006708709997838014,0.025409894999938842,,0.1085435109998798,,,0.3637899559998914,,,,,,
1000,545,,,1681386594,,,,,,,,,,,,,,,,,,,,,,,,,,,,,,,3.0,,14592.0,7.3660888671875,,0.5095465129998047,1.0,0.0001,0.004340287000559329,0.0,455.0
1001,546,,,1681386595,,,,,,,,,,,,,,,,,,,,,,,,,,,,0.006920196999999462,0.000737639000362833,0.024295494999933,3.0,0.10997743200005061,14624.0,6.8150634765625,0.3632839089996196,0.5095016810000743,1.0,0.0001,0.00428700900010881,0.0,456.0
1002,546,,,1681386595,10.75,0.0,5.627999999999986,8533.58592,0.04088508843044446,932244.0,0.2578555450041133,2371.887104,1737.0,6163.488768,0.0,0.0,0.0,15.75,552723.0,29.63344022454911,20882.202624,2.654208,7922.0,1.813999999999396,4759.109632,0.0,1499799.0,33.8,12.75,28448.169984,703.0,,,,,,,,,,,,,,
1003,547,,,1681386596,,,,,,,,,,,,,,,,,,,,,,,,,,,,0.005831327999658242,0.0008413759996983572,0.02511457199943834,3.0,0.11033133099954284,14656.0,7.2156982421875,0.36499298100079614,0.5118982139993022,1.0,0.0001,0.004786626000168326,0.0,457.0
1004,547,,,1681386596,10.75,0.0,5.635999999999996,8528.871424,0.008168926497775269,934367.0,0.39758899203233106,2389.123072,1739.0,6180.724736,0.0,0.0,0.0,15.75,554018.0,31.48528440029285,20887.056384,2.654208,7971.0,1.8159999999998035,4759.109632,0.0,1502047.0,33.8,12.75,28448.169984,704.0,0.006899431999954686,0.0007797309999659774,0.0242909509997844,,,,,,,,,,,
1005,548,,,1681386597,10.75,0.0,5.643999999999977,8531.3536,0.00408503820452914,935678.0,0.21018798135159655,2389.123072,1740.0,6180.995072,0.0,0.0,0.0,15.75,555006.0,23.460071218897045,20865.298432,2.654208,7978.0,1.8169999999990978,4759.404544,0.0,1503811.0,33.9,12.75,28448.432128,706.0,,,,,,,,0.3605676340002901,,,,,,
1006,549,,,1681386598,10.75,0.0,5.647999999999996,8467.329024,0.0040860914112704596,936331.0,0.09095543711169535,2389.123072,1741.0,6180.995072,0.0,0.0,0.0,15.5,555384.0,0.6569269813872979,20929.3312,2.654208,7978.0,1.8179999999993015,4759.404544,0.0,1504612.0,33.7,12.625,28448.432128,706.0,,,,,,,,,,,,,,
1007,550,,,1681386599,10.75,0.0,5.651999999999987,8488.38656,0.004085899967084559,943731.0,51.90258077384965,2389.123072,1742.0,6180.995072,0.0,0.0,0.0,15.5,556967.0,25.43592433255319,20908.269568,2.654208,7978.0,1.8189999999995052,4759.404544,0.0,1509514.0,33.7,12.625,28448.432128,706.0,,,,,,,,,,,,,,
1008,551,,,1681386600,10.75,0.0,5.6559999999999775,8458.489856,0.04086121537913125,964038.0,132.37117615797982,2389.123072,1745.0,6180.995072,0.0,0.0,0.0,15.5,561668.0,91.97410268439003,20938.166272,2.654208,7978.0,1.8209999999999127,4759.404544,0.0,1523108.0,33.7,12.625,28448.432128,706.0,,,,,,,,,,,,,,
1009,552,,,1681386601,10.75,0.0,5.659999999999997,8464.601088,0.00408607586183473,984952.0,122.92656763229462,2389.123072,1746.0,6180.995072,0.0,0.0,0.0,15.5,566324.0,189.71081205860023,20932.05504,2.654208,7978.0,1.821999999999207,4759.404544,0.0,1537203.0,33.7,12.625,28448.432128,706.0,,,,,,,,,,,,,,
1010,553,,,1681386602,10.75,0.0,5.667999999999978,8471.691264,0.004086149722708478,1003513.0,220.2866140181161,2389.123072,1747.0,6180.995072,0.0,0.0,0.0,15.5,570492.0,212.70876157000848,20924.96896,2.654208,7978.0,1.8229999999994106,4759.404544,0.0,1549617.0,33.7,12.625,28448.432128,706.0,,,,,,,,,,,,,,
1011,554,,,1681386603,10.625,0.0,5.675999999999988,8474.157056,0.061318949904511824,1019757.0,213.8660697438211,2389.123072,1751.0,6180.995072,0.0,0.0,0.0,14.249999999999998,574369.0,204.13457674096452,20922.499072,2.654208,7978.0,1.826999999999316,4759.404544,0.0,1560759.0,33.7,12.5,28448.432128,706.0,,,,,,,,,,,,,,
1012,555,,,1681386604,10.625,0.0,5.6839999999999975,8475.50464,0.004088332739132726,1035673.0,212.36284660213155,2389.123072,1752.0,6180.995072,0.0,0.0,0.0,14.249999999999998,578538.0,195.7232445209182,20921.155584,2.654208,7978.0,1.826999999999316,4759.404544,0.0,1571978.0,33.7,12.5,28448.432128,706.0,,,,,,,,,,,,,,
1013,556,,,1681386605,10.625,0.0,5.687999999999988,8479.444992,0.0040870187566905405,1050258.0,200.9694887358712,2389.123072,1753.0,6180.995072,0.0,0.0,0.0,14.249999999999998,582435.0,186.32298648377994,20917.211136,2.654208,7978.0,1.8279999999995198,4759.404544,0.0,1582414.0,33.7,12.5,28448.432128,706.0,,,,,,,,,,,,,,
1014,557,,,1681386606,10.625,0.0,5.695999999999998,8484.82304,0.00408513922664762,1063633.0,156.76156084029623,2389.123072,1754.0,6180.995072,0.0,0.0,0.0,14.249999999999998,586212.0,194.27598478366286,20911.837184,2.654208,7978.0,1.8289999999997235,4759.404544,0.0,1592044.0,33.7,12.5,28448.432128,706.0,,,,,,,,,,,,,,
1015,558,,,1681386607,10.625,0.0,5.699999999999989,8501.751808,0.0040844943251489955,1081152.0,220.544783976917,2389.123072,1755.0,6180.995072,0.0,0.0,0.0,14.249999999999998,590566.0,225.60848795064257,20894.90432,2.654208,7978.0,1.8299999999999272,4759.404544,0.0,1604273.0,33.8,12.5,28448.432128,706.0,,,,,,,,,,,,,,
1016,559,,,1681386608,10.75,0.0,5.707999999999998,8510.078976,0.03268158785501481,1098324.0,274.50255022645473,2389.123072,1758.0,6180.995072,0.0,0.0,0.0,14.124999999999998,595134.0,204.50443757910784,20886.581248,2.654208,7978.0,1.8319999999994252,4759.404544,0.0,1616408.0,33.8,12.5,28448.432128,706.0,,,,,,,,,,,,,,
1017,560,,,1681386609,10.75,0.0,5.711999999999989,8518.029312,0.004085730889169631,1115356.0,168.17617654132818,2389.123072,1759.0,6180.995072,0.0,0.0,0.0,14.124999999999998,599204.0,209.18595022099947,20878.630912,2.654208,7978.0,1.832999999999629,4759.404544,0.0,1628079.0,33.8,12.5,28448.432128,706.0,,,,,,,,,,,,,,
1018,561,,,1681386610,10.75,0.0,5.71599999999998,8529.580032,0.004086175959769312,1130660.0,235.62478783335797,2389.123072,1760.0,6180.995072,0.0,0.0,0.0,14.124999999999998,603569.0,208.22809531629653,20867.080192,2.654208,7978.0,1.8339999999998327,4759.404544,0.0,1639111.0,33.9,12.5,28448.432128,706.0,,,,,,,,,,,,,,
1019,562,,,1681386611,10.75,0.0,5.7239999999999895,8533.225472,0.04494618238403431,1148090.0,229.82928697776774,2389.123072,1762.0,6180.995072,0.0,0.0,0.0,14.124999999999998,607877.0,226.5506257752526,20863.434752,2.654208,7978.0,1.8359999999993306,4759.404544,0.0,1651362.0,33.9,12.5,28448.432128,706.0,,,,,,,,,,,,,,
1020,563,,,1681386612,10.75,0.0,5.72799999999998,8534.601728,0.004086281901463097,1160873.0,165.77235598455448,2389.123072,1763.0,6180.995072,0.0,0.0,0.0,14.124999999999998,611307.0,190.75827783245086,20862.0544,2.654208,7978.0,1.8369999999995343,4759.404544,0.0,1660383.0,33.9,12.5,28448.432128,706.0,,,,,,,,,,,,,,
1021,564,,,1681386613,10.625,0.0,5.731999999999999,8543.842304,0.004086088492113071,1176840.0,196.5623644468065,2389.123072,1764.0,6180.995072,0.0,0.0,0.0,13.0,615401.0,195.0290038745223,20852.813824,2.654208,7978.0,1.837999999999738,4759.404544,0.0,1671542.0,33.9,12.25,28448.432128,706.0,,,,,,,,,,,,,,
1022,565,,,1681386614,10.625,0.0,5.739999999999981,8548.970496,0.036771997765969615,1191575.0,193.42866433520257,2389.123072,1767.0,6180.995072,0.0,0.0,0.0,13.0,619612.0,187.21287202726782,20847.685632,2.654208,7978.0,1.839999999999236,4759.404544,0.0,1682397.0,33.9,12.25,28448.432128,706.0,,,,,,,,,,,,,,
1023,566,,,1681386615,10.625,0.0,5.744,8555.679744,0.00408586984298329,1212913.0,167.8894771338998,2389.123072,1768.0,6180.995072,0.0,0.0,0.0,13.0,624626.0,114.83223075032133,20840.96,2.654208,7978.0,1.8409999999994398,4759.404544,0.0,1696891.0,34.0,12.25,28448.432128,706.0,,,,,,,,,,,,,,
1024,567,,,1681386616,10.625,0.0,5.7479999999999905,8556.613632,0.004085524905102704,1221491.0,68.00763958126718,2389.123072,1769.0,6180.995072,0.0,0.0,0.0,13.0,627073.0,77.14237055677484,20840.046592,2.654208,7978.0,1.8419999999996435,4759.404544,0.0,1703053.0,34.0,12.25,28448.432128,706.0,,,,,,,,,,,,,,
1025,568,,,1681386617,10.625,0.0,5.756,8554.668032,0.004085827086957043,1225431.0,34.260585814556045,2389.123072,1770.0,6180.995072,0.0,0.0,0.0,13.0,628366.0,38.946247429809226,20841.992192,2.654208,7978.0,1.8419999999996435,4759.404544,0.0,1706055.0,34.0,12.25,28448.432128,706.0,,,,,,,,,,,,,,
1026,569,,,1681386618,10.75,0.0,5.759999999999991,8556.109824,0.004086107929046403,1230751.0,84.71613451913579,2389.123072,1771.0,6180.995072,0.0,0.0,0.0,15.0,630101.0,84.53802969348807,20840.542208,2.654208,7978.0,1.8439999999991414,4759.404544,0.0,1710073.0,34.0,12.75,28448.432128,706.0,,,,,,,,,,,,,,
1027,570,,,1681386619,10.75,0.0,5.768000000000001,8557.580288,0.028601741920124945,1239069.0,101.91522073874162,2389.123072,1774.0,6180.995072,0.0,0.0,0.0,15.0,632438.0,98.0841035969035,20839.063552,2.654208,7978.0,1.845999999999549,4759.404544,0.0,1716044.0,34.0,12.75,28448.432128,706.0,,,,,,,,,,,,,,
1028,571,,,1681386620,10.75,0.0,5.771999999999991,8558.190592,0.00408577850164975,1245199.0,67.77860449269798,2389.123072,1775.0,6180.995072,0.0,0.0,0.0,15.0,634005.0,80.91917039530192,20838.46144,2.654208,7978.0,1.8469999999997526,4759.404544,0.0,1720341.0,34.0,12.75,28448.432128,706.0,,,,,,,,,,,,,,
1029,572,,,1681386621,10.75,0.0,5.775999999999982,8563.326976,0.004086078777344915,1251579.0,68.23236008991269,2389.123072,1776.0,6180.995072,0.0,0.0,0.0,15.0,635699.0,78.59296397585115,20833.329152,2.654208,7978.0,1.8479999999999563,4759.404544,0.0,1724739.0,34.0,12.75,28448.432128,706.0,,,,,,,,,,,,,,
1030,573,,,1681386622,10.75,0.0,5.783999999999992,8556.797952,0.004086039904217874,1256890.0,117.52830599412077,2389.123072,1777.0,6180.995072,0.0,0.0,0.0,15.0,637878.0,46.641618784040034,20839.862272,2.654208,7978.0,1.8489999999992506,4759.404544,0.0,1729227.0,34.0,12.75,28448.432128,706.0,,,,,,,,,,,,,,
1031,574,,,1681386623,10.75,0.0,5.7879999999999825,8556.888064,0.004086127369793862,1260655.0,18.87897786195211,2389.123072,1778.0,6180.995072,0.0,0.0,0.0,13.750000000000002,639106.0,80.8892806683829,20839.77216,2.654208,7978.0,1.8499999999994543,4759.404544,0.0,1732181.0,34.0,12.5,28448.432128,706.0,,,,,,,,,,,,,,
1032,575,,,1681386624,10.75,0.0,5.804000000000002,8561.659904,0.06129574476567796,1269668.0,9.446161122981081,2389.123072,1785.0,6180.995072,0.0,0.0,0.0,13.750000000000002,641239.0,43.94643115955326,20834.983936,2.654208,7978.0,1.8539999999993597,4759.404544,0.0,1738261.0,34.0,12.5,28448.432128,706.0,,,,,,,,,,,,,,
1033,576,,,1681386625,10.75,0.0,5.8160000000000025,8558.624768,0.10630841498520253,1273288.0,59.29200113516743,2389.123072,1795.0,6180.995072,0.0,0.0,0.0,13.750000000000002,643180.0,54.551062691330905,20838.03136,2.654208,7978.0,1.8649999999997817,4759.404544,0.0,1741670.0,34.0,12.5,28448.432128,706.0,,,,,,,,,,,,,,
1034,577,,,1681386626,10.75,0.0,5.819999999999993,8559.869952,0.004086094326802834,1278236.0,67.78878371135362,2389.123072,1796.0,6180.995072,0.0,0.0,0.0,13.750000000000002,645090.0,63.03220280559214,20836.786176,2.654208,7978.0,1.8649999999997817,4759.404544,0.0,1745580.0,34.0,12.5,28448.432128,706.0,,,,,,,,,,,,,,
1035,578,,,1681386627,10.75,0.0,5.828000000000003,8557.637632,0.004086241080640933,1282666.0,67.616515606702,2389.123072,1797.0,6180.995072,0.0,0.0,0.0,13.750000000000002,647015.0,56.681111963105096,20839.018496,2.654208,7978.0,1.8659999999999854,4759.404544,0.0,1749468.0,34.0,12.5,28448.432128,706.0,,,,,,,,,,,,,,
1036,579,,,1681386628,10.625,0.0,5.831999999999994,8562.552832,0.0040863771532199415,1286852.0,9.232682322866232,2389.123072,1798.0,6180.995072,0.0,0.0,0.0,12.625,648354.0,53.55301014214704,20834.107392,2.654208,7978.0,1.8669999999992797,4759.404544,0.0,1752634.0,34.0,12.25,28448.432128,706.0,,,,,,,,,,,,,,
1037,580,,,1681386629,10.625,0.0,5.835999999999984,8561.922048,0.004085585143577156,1292585.0,67.56481370603773,2389.123072,1799.0,6180.995072,0.0,0.0,0.0,12.625,650492.0,52.59334654263141,20834.738176,2.654208,7978.0,1.8679999999994834,4759.404544,0.0,1757255.0,34.0,12.25,28448.432128,706.0,,,,,,,,,,,,,,
1038,581,,,1681386630,10.625,0.0,5.843999999999994,8558.620672,0.02860493263406006,1295468.0,58.990905433092095,2389.123072,1802.0,6180.995072,0.0,0.0,0.0,12.625,652078.0,51.1321152179482,20838.03136,2.654208,7978.0,1.870999999999185,4759.404544,0.0,1760086.0,34.0,12.25,28448.432128,706.0,,,,,,,,,,,,,,
1039,582,,,1681386631,10.625,0.0,5.851999999999975,8558.608384,0.020428513554387902,1299897.0,67.64030060819822,2389.123072,1805.0,6180.995072,0.0,0.0,0.0,12.625,653987.0,58.82167838286197,20838.05184,2.654208,7978.0,1.8739999999997963,4759.404544,0.0,1763823.0,34.0,12.25,28448.432128,706.0,,,,,,,,,,,,,,
1040,583,,,1681386632,10.625,0.0,5.859999999999985,8557.768704,0.004085932035164342,1304386.0,67.69124498063353,2389.123072,1806.0,6180.995072,0.0,0.0,0.0,12.625,655888.0,58.20538666685791,20838.887424,2.654208,7978.0,1.8739999999997963,4759.404544,0.0,1767706.0,34.0,12.25,28448.432128,706.0,,,,,,,,,,,,,,
1041,584,,,1681386633,10.625,0.0,5.863999999999976,8559.18592,0.004085506441651979,1307841.0,50.070251392836646,2389.123072,1807.0,6180.995072,0.0,0.0,0.0,11.625,657448.0,57.31175570956632,20837.470208,2.654208,7978.0,1.875,4759.404544,0.0,1770693.0,34.0,12.0,28448.432128,706.0,,,,,,,,,,,,,,
1042,585,,,1681386634,10.625,0.0,5.867999999999995,8559.689728,0.0040859679908826965,1310656.0,0.2863050539599787,2389.123072,1808.0,6180.995072,0.0,0.0,0.0,11.625,658542.0,58.121577895156975,20836.962304,2.654208,7978.0,1.8759999999992942,4759.404544,0.0,1773013.0,34.0,12.0,28448.432128,706.0,,,,,,,,,,,,,,
1043,585,,,1681386634,,,,,,,,,,,,,,,,,,,,,,,,,,,,,,,3.0,37.92687905299954,14688.0,7.1158447265625,,38.3237620179998,2.0,0.0001,0.004345217000263801,0.0,458.0
1044,586,,,1681386635,10.625,0.0,5.883999999999986,8558.780416,0.04494593651436767,1313806.0,0.47843640624976774,2389.102592,1812.0,6180.990976,0.0,0.0,0.0,11.625,659946.0,31.616856728944903,20837.875712,2.654208,8090.0,1.8799999999991996,4759.404544,0.0,1775948.0,34.0,12.0,28448.436224,713.0,0.006613899000512902,0.0011670589992718305,0.029702886000450235,,,,,0.40521599400017294,,,,,,
1045,586,,,1681386635,,,,,,,,,,,,,,,,,,,,,,,,,,,,,,,3.0,0.6395047510004588,14720.0,7.24755859375,,1.0881203200005984,2.0,0.0001,0.00591573099973175,0.0,459.0
1046,587,,,1681386636,10.625,0.0,5.891999999999996,8558.616576,0.008171494815318942,1315352.0,0.27107178451498304,2389.118976,1814.0,6181.00736,0.0,0.0,0.0,11.625,661058.0,30.16412348944697,20838.035456,2.654208,8110.0,1.881999999999607,4759.404544,0.0,1777834.0,34.0,12.0,28448.432128,716.0,0.006953520000024582,0.0008803459995760932,0.027115954999317182,,0.10783385199920303,,,0.3520030139998198,,,,,,
1047,587,,,1681386636,,,,,,,,,,,,,,,,,,,,,,,,,,,,,,,3.0,,14752.0,7.1800537109375,,0.4997050339979978,2.0,0.0001,0.0049183470000571106,0.0,460.0
1048,588,,,1681386637,,,,,,,,,,,,,,,,,,,,,,,,,,,,0.00688066600014281,0.0008036299996092566,0.025773139000193623,3.0,0.10791723900001671,14784.0,7.2274169921875,0.35504316900005506,0.5010970839994116,2.0,0.0001,0.0046792409993940964,0.0,461.0
1049,588,,,1681386637,10.625,0.0,5.903999999999996,8553.009152,0.012241890471823271,1316449.0,0.13976158286218482,2389.118976,1817.0,6181.00736,0.0,0.0,0.0,11.625,661682.0,1.8729614220525417,20862.779392,2.654208,8126.0,1.883999999999105,4759.404544,0.0,1779024.0,33.9,12.0,28448.432128,718.0,0.006951009000658814,,,,,,,,,,,,,
1050,589,,,1681386638,,,,,,,,,,,,,,,,,,,,,,,,,,,,,0.0007514760000049137,0.026749125999231183,3.0,0.10734732399942004,14816.0,7.197998046875,0.35211690200048906,0.4984760070001357,2.0,0.0001,0.004560170000331709,0.0,462.0
1051,589,,,1681386638,10.625,0.0,5.911999999999978,8477.310976,0.008171636679403977,1317694.0,0.14991442061568197,2389.098496,1819.0,6180.98688,0.0,0.0,0.0,12.75,662378.0,0.12257455020920432,20957.753344,2.654208,8154.0,1.8859999999995125,4759.404544,0.0,1780304.0,33.6,12.25,28448.432128,719.0,0.006912541000019701,0.0008307839998451527,0.024436409999907482,,,,,,,,,,,
1052,590,,,1681386639,,,,,,,,,,,,,,,,,,,,,,,,,,,,,,,3.0,0.10744478200012963,14848.0,7.1739501953125,0.35762578600042616,0.5017620040007387,2.0,0.0001,0.0045117010004105396,0.0,463.0
1053,590,,,1681386639,10.625,0.0,5.9199999999999875,8477.990912,0.008172062315732443,1319259.0,0.3127170525189051,2389.118976,1821.0,6181.142528,0.0,0.0,0.0,12.75,663423.0,5.073701501076675,20968.6528,2.654208,8172.0,1.88799999999992,4759.420928,0.0,1782073.0,33.6,12.25,28448.432128,720.0,0.0066744879995894735,0.0007907399995019659,0.02325755699985166,,,,,,,,,,,
1054,591,,,1681386640,,,,,,,,,,,,,,,,,,,,,,,,,,,,,,,3.0,0.10857394499998918,14880.0,6.9427490234375,0.362184974000229,0.5057114319997709,2.0,0.0001,0.004229728000609612,0.0,464.0
1055,591,,,1681386640,10.625,0.0,5.935999999999979,8484.573184,0.036736159724002355,1320860.0,0.326440002648777,2389.098496,1825.0,6181.122048,0.0,0.0,0.0,12.75,664765.0,76.11937978733495,20942.798848,2.654208,8189.0,1.8909999999996217,4759.420928,0.0,1784072.0,33.6,12.25,28448.432128,723.0,0.006859906000499905,0.0006237969992071157,0.02422716900036903,,,,,0.3546339780004928,,,,,,
1056,592,,,1681386641,,,,,,,,,,,,,,,,,,,,,,,,,,,,,,,3.0,0.10737079899990931,14912.0,7.1187744140625,,0.4977631500005373,2.0,0.0001,0.004047501000059128,0.0,465.0
1057,592,,,1681386641,10.625,0.0,5.947999999999979,8484.72064,0.040856113762906716,1322263.0,0.19488047076133877,2389.0944,1828.0,6181.117952,0.0,0.0,0.0,12.75,665631.0,31.164620654870056,20942.655488,2.654208,8211.0,1.8939999999993233,4759.420928,0.0,1785638.0,33.6,12.25,28456.267776,725.0,0.006878027000311704,0.000745334999919578,0.02679954799987172,,0.10810688200035656,,,0.3537418180003442,,,,,,
1058,593,,,1681386642,,,,,,,,,,,,,,,,,,,,,,,,,,,,,,,3.0,,14944.0,7.090087890625,,0.5017132900002252,2.0,0.0001,0.005441679999421467,0.0,466.0
1059,593,,,1681386642,,,,,,,,,,,,,,,,,,,,,,,,,,,,0.0038953939993007225,0.0006930559993634233,0.023880552000264288,3.0,0.04926494499977707,14957.0,7.213040828704834,0.14021743899957073,0.22163590699892666,2.0,0.0001,0.0036845210006504203,0.0,467.0
1060,593,,,1681386642,10.625,0.0,5.963999999999999,8483.557376,0.07763944845075502,1323608.0,0.24148997033495892,2389.454848,1834.0,6181.4784,0.0,0.0,0.0,12.75,666574.0,26.223178632929084,20951.642112,2.654208,8227.0,1.8989999999994325,4759.420928,0.0,1787234.0,33.6,12.25,28448.432128,726.0,0.006878062000396312,0.000660667000374815,0.024705015000108688,,,,,,,,,,,
1061,594,,,1681386643,,,,,,,,,,,,,,,,,,,,,,,,,,,,,,,3.0,0.1076943919997575,14989.0,7.1162109375,0.36713125799997215,0.5094635390005351,2.0,0.0001,0.0023941449999256292,0.0,468.0
1062,594,,,1681386643,10.75,0.0,5.97199999999998,8230.948864,0.008172217809054234,1325176.0,0.24636363644482473,2389.48352,1836.0,6181.507072,0.0,0.0,0.0,12.75,667960.0,54.35068326666964,21184.978944,2.654208,8242.0,1.90099999999984,4759.420928,0.0,1789403.0,32.9,12.25,28448.432128,728.0,0.007012087000475731,0.0008001229998626513,0.030399254000258225,,,,,,,,,,,
1063,595,,,1681386644,,,,,,,,,,,,,,,,,,,,,,,,,,,,,,,3.0,0.10806885500005592,15021.0,7.090576171875,0.35129527500066615,0.5031645530016249,2.0,0.0001,0.005588959000306204,0.0,469.0
1064,595,,,1681386644,10.75,0.0,5.9839999999999804,8230.97344,0.008152202097747438,1326132.0,0.17102906027619436,2389.46304,1838.0,6181.486592,0.0,0.0,0.0,12.75,668838.0,38.81659088323745,21184.954368,2.654208,8264.0,1.9029999999993379,4759.420928,0.0,1790815.0,32.9,12.25,28448.432128,729.0,0.0067854749995603925,0.0007068249997246312,0.025025537999681546,,0.10741110700018908,,,0.3567181349999373,,,,,,
1065,596,,,1681386645,,,,,,,,,,,,,,,,,,,,,,,,,,,,,,,3.0,,15053.0,7.327392578125,,0.501191647998894,2.0,0.0001,0.004544567999801075,0.0,470.0
1066,596,,,1681386645,10.75,0.0,5.99199999999999,8231.99744,0.008171980684107192,1327808.0,0.33743736250829715,2389.48352,1840.0,6181.507072,0.0,0.0,0.0,12.75,669928.0,24.17886380660869,21183.926272,2.654208,8286.0,1.9049999999997453,4759.420928,0.0,1792705.0,32.9,12.25,28448.432128,730.0,0.00697878299979493,0.0006987419992583455,0.024465948999932152,,0.10782483700040757,,,0.35965482700066786,,,,,,
1067,596,,,1681386645,,,,,,,,,,,,,,,,,,,,,,,,,,,,,,,3.0,,15085.0,7.260009765625,,0.5039622980002605,2.0,0.0001,0.004339160000199627,0.0,471.0
1068,597,,,1681386646,10.75,0.0,6.0,8233.189376,0.008172674604909716,1328977.0,0.24488493640082779,2389.46304,1842.0,6181.486592,0.0,0.0,0.0,12.75,670892.0,30.302034733893226,21182.73024,2.654208,8296.0,1.905999999999949,4759.420928,0.0,1794257.0,32.9,12.25,28448.432128,731.0,0.006710989000566769,0.0005754969997724402,0.022695863000080863,,0.10847514099987166,,,0.362403629000255,,,,,,
1069,597,,,1681386646,,,,,,,,,,,,,,,,,,,,,,,,,,,,,,,3.0,,15117.0,7.30810546875,,0.5051031150005656,2.0,0.0001,0.004241996000018844,0.0,472.0
1070,598,,,1681386647,10.75,0.0,6.015999999999991,8233.61536,0.03677381686373576,1330204.0,0.17133183035347976,2389.479424,1846.0,6181.502976,0.0,0.0,0.0,12.75,671984.0,38.10934964069308,21182.304256,2.654208,8308.0,1.9089999999996508,4759.420928,0.0,1795954.0,32.9,12.25,28448.432128,733.0,0.006922163000126602,0.000647968999146542,0.023556236999866087,,0.10814420699989569,,,0.3562280339992867,,,,,,
1071,598,,,1681386647,,,,,,,,,,,,,,,,,,,,,,,,,,,,,,,3.0,,15149.0,7.08935546875,,0.49951607099774264,2.0,0.0001,0.004017460999421019,0.0,473.0
1072,599,,,1681386648,,,,,,,,,,,,,,,,,,,,,,,,,,,,0.006884151000122074,0.0006033200006640982,0.023067920000357844,3.0,0.10767456800022046,15181.0,7.2672119140625,0.3583704739994573,0.5006074440007069,2.0,0.0001,0.004007010999885097,0.0,474.0
1073,599,,,1681386648,10.75,0.0,6.031999999999982,8231.358464,0.012258679505920578,1331578.0,0.22998591621045547,2389.479424,1849.0,6181.502976,0.0,0.0,0.0,13.625000000000002,673000.0,35.54476748535154,21203.841024,2.654208,8333.0,1.9119999999993524,4759.420928,0.0,1797681.0,32.8,12.5,28448.432128,734.0,0.006929318999937095,0.0006913340002938639,0.023417852999955358,,,,,,,,,,,
1074,600,,,1681386649,,,,,,,,,,,,,,,,,,,,,,,,,,,,,,,3.0,0.10784511100064265,15213.0,7.3416748046875,0.36239082399970357,0.5057687370008352,2.0,0.0001,0.004494296000302711,0.0,475.0
1075,600,,,1681386649,10.75,0.0,6.043999999999983,8232.321024,0.008172804849679123,1332803.0,0.749631369697201,2389.458944,1851.0,6181.482496,0.0,0.0,0.0,13.625000000000002,674152.0,48.34372096755834,21183.459328,2.654208,8349.0,1.91399999999976,4759.420928,0.0,1799441.0,32.9,12.5,28448.432128,735.0,0.006826830000136397,0.00069438100035768,0.0238199599998552,,,,,,,,,,,
1076,601,,,1681386650,,,,,,,,,,,,,,,,,,,,,,,,,,,,,,,3.0,0.10808937900037563,15245.0,7.2069091796875,0.35873706599977595,0.5028622040008486,2.0,0.0001,0.004694588000347721,0.0,476.0
1077,601,,,1681386650,10.75,0.0,6.0519999999999925,8234.487808,0.008171970962536114,1333849.0,0.21568736257070667,2389.479424,1853.0,6181.502976,0.0,0.0,0.0,13.625000000000002,675053.0,31.319629373803778,21181.427712,2.654208,8360.0,1.9159999999992579,4759.420928,0.0,1800901.0,32.9,12.5,28448.432128,736.0,0.006823222000093665,0.0006407550008589169,0.026487598000130674,,,,,,,,,,,
1078,602,,,1681386651,,,,,,,,,,,,,,,,,,,,,,,,,,,,,,,3.0,0.10816214399983437,15277.0,7.0625,0.35858943900075246,0.5058024550016853,2.0,0.0001,0.005099297000015213,0.0,477.0
1079,602,,,1681386651,10.75,0.0,6.063999999999993,8234.364928,0.00817026096830284,1335104.0,0.19112346797778845,2389.458944,1855.0,6181.482496,0.0,0.0,0.0,13.625000000000002,675978.0,27.502207464584597,21181.702144,2.654208,8380.0,1.9179999999996653,4759.420928,0.0,1802424.0,32.9,12.5,28448.432128,737.0,0.006843186999503814,0.0007181379996836768,0.024502320999999938,,,,,0.35703308999927685,,,,,,
1080,603,,,1681386652,,,,,,,,,,,,,,,,,,,,,,,,,,,,,,,3.0,0.10915507600020646,15309.0,7.2685546875,,0.5030726419981875,2.0,0.0001,0.004820829999516718,0.0,478.0
1081,603,,,1681386652,10.75,0.0,6.079999999999984,8233.701376,0.036774481583924684,1336355.0,0.26916877493293145,2389.479424,1859.0,6181.502976,0.0,0.0,0.0,13.625000000000002,676888.0,23.830590297576325,21182.226432,2.654208,8398.0,1.920999999999367,4759.420928,0.0,1803966.0,32.9,12.5,28448.432128,738.0,0.006926113000190526,0.0006366730003719567,0.024684463999619766,,0.10740500000065367,,,0.35672642000008636,,,,,,
1082,603,,,1681386652,,,,,,,,,,,,,,,,,,,,,,,,,,,,,,,3.0,,15341.0,7.3111572265625,,0.5011960100009674,2.0,0.0001,0.004817340000045078,0.0,479.0
1083,604,,,1681386653,10.875,0.0,6.087999999999994,8233.111552,0.00817212450872194,1337632.0,0.21607448352133976,2389.458944,1861.0,6181.482496,0.0,0.0,0.0,14.625,677942.0,31.968058232179587,21182.820352,2.654208,8413.0,1.9229999999997744,4759.420928,0.0,1805653.0,32.9,12.75,28448.432128,739.0,0.006778587000553671,0.0007582939997519134,0.02386110200041003,,0.10790200199971878,,,0.35706920200027525,,,,,,
1084,604,,,1681386653,,,,,,,,,,,,,,,,,,,,,,,,,,,,,,,3.0,,15373.0,7.322998046875,,0.5010155240006497,2.0,0.0001,0.004646336999940104,0.0,480.0
1085,605,,,1681386654,10.875,0.0,6.095999999999975,8230.944768,0.00817922697927677,1338732.0,0.1856141372371286,2389.479424,1863.0,6181.502976,0.0,0.0,0.0,14.625,678857.0,26.16660913224988,21184.987136,2.654208,8427.0,1.9239999999999782,4759.420928,0.0,1807141.0,32.9,12.75,28448.432128,741.0,0.0069144580002102884,0.0007941549993120134,0.023990158000742667,,0.10877576599978056,,,0.35628651400020317,,,,,,
1086,605,,,1681386654,,,,,,,,,,,,,,,,,,,,,,,,,,,,,,,3.0,,15405.0,7.2880859375,,0.5012032670001645,2.0,0.0001,0.004442215999915788,0.0,481.0
1087,606,,,1681386655,,,,,,,,,,,,,,,,,,,,,,,,,,,,0.00684367400026531,0.0006190730000525946,0.025083149000238336,3.0,0.10893605000001116,15437.0,7.1429443359375,0.35947919199952594,0.5053753820002385,2.0,0.0001,0.004414244000145118,0.0,482.0
1088,606,,,1681386655,10.875,0.0,6.119999999999976,8230.01088,0.08172431620944964,1340479.0,0.32071207487239173,2389.479424,1869.0,6181.502976,0.0,0.0,0.0,14.625,680153.0,37.60777452345983,21205.188608,2.654208,8455.0,1.9299999999993815,4759.420928,0.0,1809218.0,32.8,12.75,28448.432128,743.0,0.00700071899973409,0.0005996899999445304,0.024075117999927897,,,,,,,,,,,
1089,607,,,1681386656,,,,,,,,,,,,,,,,,,,,,,,,,,,,,,,3.0,0.10920178399919678,15469.0,7.0908203125,0.35725094600002194,0.5025706109991006,2.0,0.0001,0.0044423540002753725,0.0,483.0
1090,607,,,1681386656,10.875,0.0,6.135999999999996,8230.547456,0.008172044823104024,1341678.0,0.21585690267948035,2389.458944,1871.0,6181.482496,0.0,0.0,0.0,14.625,681232.0,44.48581085088003,21185.376256,2.654208,8470.0,1.931999999999789,4759.420928,0.0,1810896.0,32.9,12.75,28448.432128,744.0,0.006711437999911141,0.0008317760002682917,0.02381644300021435,,,,,,,,,,,
1091,608,,,1681386657,,,,,,,,,,,,,,,,,,,,,,,,,,,,,,,3.0,0.10825144600039494,15501.0,7.28466796875,0.3577901130001919,0.5018468160014891,2.0,0.0001,0.004445600000508421,0.0,484.0
1092,608,,,1681386657,10.875,0.0,6.143999999999977,8231.718912,0.008171745512769982,1342764.0,0.18941850739574168,2389.479424,1873.0,6181.502976,0.0,0.0,0.0,14.625,682220.0,39.59206712032954,21184.2048,2.654208,8481.0,1.933999999999287,4759.420928,0.0,1812428.0,32.9,12.75,28448.432128,746.0,0.006845926999631047,0.0006216940000740578,0.024054745999819716,,,,,,,,,,,
1093,609,,,1681386658,,,,,,,,,,,,,,,,,,,,,,,,,,,,,,,3.0,0.10754883099980361,15533.0,7.3045654296875,0.35890476199983823,0.5023908409993965,2.0,0.0001,0.004414881000229798,0.0,485.0
1094,609,,,1681386658,10.875,0.0,6.1559999999999775,8231.530496,0.008172453003947052,1343844.0,0.21728030564940873,2389.458944,1875.0,6181.482496,0.0,0.0,0.0,14.374999999999998,683150.0,29.25737376912276,21184.528384,2.654208,8500.0,1.9349999999994907,4759.420928,0.0,1813909.0,32.9,12.75,28448.432128,748.0,0.006845246000011684,0.0006066460000511142,0.024233740999989095,,,,,0.3605574989996967,,,,,,
1095,610,,,1681386659,,,,,,,,,,,,,,,,,,,,,,,,,,,,,,,3.0,0.10808272299982491,15565.0,7.03564453125,,0.5045536949992311,2.0,0.0001,0.00422783999965759,0.0,486.0
1096,610,,,1681386659,10.875,0.0,6.163999999999987,8230.670336,0.008173127563559927,1345064.0,0.21778511589049895,2389.479424,1877.0,6181.502976,0.0,0.0,0.0,14.374999999999998,684073.0,28.96646599860322,21185.253376,2.654208,8518.0,1.9369999999998981,4759.420928,0.0,1815448.0,32.9,12.75,28448.432128,749.0,0.006932964000043285,0.0007063269995342125,0.023203672000818187,,0.10834850699939125,,,0.36059926500001893,,,,,,
1097,611,,,1681386660,,,,,,,,,,,,,,,,,,,,,,,,,,,,,,,3.0,,15597.0,7.3380126953125,,0.5039798730003895,2.0,0.0001,0.004189138000583625,0.0,487.0
1098,611,,,1681386660,10.875,0.0,6.1839999999999975,8229.94944,0.0367755749163778,1346345.0,0.22002296549255024,2389.458944,1881.0,6181.482496,0.0,0.0,0.0,14.374999999999998,685048.0,32.359576970802024,21185.96608,2.654208,8528.0,1.9399999999995998,4759.420928,0.0,1817081.0,32.9,12.75,28448.436224,750.0,0.00707589299963729,0.0006850529998700949,0.024556725000365986,,0.10731124799985992,,,0.3573429260004559,,,,,,
1099,611,,,1681386660,,,,,,,,,,,,,,,,,,,,,,,,,,,,,,,3.0,,15629.0,7.302734375,,0.5012133370000811,2.0,0.0001,0.004241491999891878,0.0,488.0
1100,612,,,1681386661,10.875,0.0,6.195999999999998,8229.429248,0.02045080826941468,1347613.0,0.2185919791579898,2389.475328,1885.0,6181.49888,0.0,0.0,0.0,14.374999999999998,686046.0,31.71551289524168,21186.49856,2.654208,8537.0,1.9439999999995052,4759.420928,0.0,1818685.0,32.9,12.75,28448.432128,751.0,0.006832119999671704,0.0006223039999895263,0.02428201499969873,,0.10852077199979249,,,0.35965056300028664,,,,,,
1101,612,,,1681386661,,,,,,,,,,,,,,,,,,,,,,,,,,,,,,,3.0,,15661.0,7.4276123046875,,0.5041906949991244,2.0,0.0001,0.004282920999685302,0.0,489.0
1102,613,,,1681386662,,,,,,,,,,,,,,,,,,,,,,,,,,,,0.006814717999986897,0.0006641449999733595,0.023691129000326328,3.0,0.10719468299976143,15693.0,7.1259765625,0.36008575199957704,0.5029126119998182,2.0,0.0001,0.004462185000193131,0.0,490.0
1103,613,,,1681386662,10.875,0.0,6.211999999999989,8228.487168,0.03269068286465045,1348810.0,0.21014298823756253,2389.475328,1889.0,6181.49888,0.0,0.0,0.0,14.374999999999998,686937.0,23.55117083609878,21206.585344,2.654208,8558.0,1.946999999999207,4759.420928,0.0,1820169.0,32.8,12.75,28448.432128,753.0,0.006910250000146334,0.0006341409998640302,0.02405816899954516,,,,,,,,,,,
1104,614,,,1681386663,,,,,,,,,,,,,,,,,,,,,,,,,,,,,,,3.0,0.10772139900018374,15725.0,7.062744140625,0.3608082780001496,0.5044604109998545,2.0,0.0001,0.0043281739999656565,0.0,491.0
1105,614,,,1681386663,11.0,0.0,6.2239999999999895,8228.073472,0.008171764951233678,1350040.0,0.2043579656653214,2389.454848,1891.0,6181.4784,0.0,0.0,0.0,15.25,688082.0,39.45512461425376,21207.138304,2.654208,8572.0,1.9479999999994106,4759.420928,0.0,1821957.0,32.8,12.875,28448.432128,756.0,0.006898319000356423,0.0007057679995341459,0.025317536999864387,,,,,,,,,,,
1106,615,,,1681386664,,,,,,,,,,,,,,,,,,,,,,,,,,,,,,,3.0,0.10862126800020633,15757.0,6.994140625,0.359629624000263,0.5057151840001097,2.0,0.0001,0.0045426679998854524,0.0,492.0
1107,615,,,1681386664,11.0,0.0,6.231999999999999,8227.954688,0.008170768059840142,1351323.0,0.25915857022185523,2389.475328,1893.0,6181.49888,0.0,0.0,0.0,15.25,689268.0,42.63405438247747,21188.11648,2.654208,8588.0,1.949999999999818,4759.420928,0.0,1823811.0,32.9,12.875,28448.432128,757.0,0.007138001000384975,0.0007553830000688322,0.02784434999921359,,,,,,,,,,,
1108,616,,,1681386665,,,,,,,,,,,,,,,,,,,,,,,,,,,,,,,3.0,0.10788745500030927,15789.0,7.2425537109375,0.35354057299991837,0.5021073939997223,2.0,0.0001,0.004941631999827223,0.0,493.0
1109,616,,,1681386665,11.0,0.0,6.2479999999999905,8229.330944,0.04085530734191988,1353217.0,0.36551934829275556,2389.454848,1897.0,6181.4784,0.0,0.0,0.0,15.25,690591.0,37.61922387778151,21186.596864,2.654208,8612.0,1.9529999999995198,4759.420928,0.0,1826014.0,32.9,12.875,28448.432128,758.0,0.006661391999841726,0.0007106109997039312,0.025675406000118528,,,,,0.3559280010003931,,,,,,
1110,617,,,1681386666,,,,,,,,,,,,,,,,,,,,,,,,,,,,,,,3.0,0.16009278200090193,15821.0,7.321533203125,,0.5531615250010873,2.0,0.0001,0.004093333000128041,0.0,494.0
1111,617,,,1681386666,11.0,0.0,6.256,8277.475328,0.008172443284881682,1354470.0,0.17332922191011735,2389.475328,1899.0,6181.507072,0.0,0.0,0.0,15.25,691570.0,26.40180429018976,21138.444288,2.654208,8653.0,1.9539999999997235,4759.420928,0.0,1828007.0,33.0,12.875,28448.432128,761.0,0.006917491999956837,0.0006802480002079392,0.024405913000009605,,0.10794348299987178,,,0.3571965579994867,,,,,,
1112,618,,,1681386667,,,,,,,,,,,,,,,,,,,,,,,,,,,,,,,3.0,,15853.0,6.9918212890625,,0.5012993229993299,2.0,0.0001,0.004155628999797045,0.0,495.0
1113,618,,,1681386667,11.0,0.0,6.268000000000001,8278.368256,0.020431910061983145,1355544.0,0.23909325382829738,2389.454848,1902.0,6181.486592,0.0,0.0,0.0,15.25,692425.0,23.491788125015553,21137.55136,2.654208,8669.0,1.9569999999994252,4759.420928,0.0,1829393.0,33.0,12.875,28448.432128,762.0,0.006813383000007889,0.0007100230004652985,0.02587076799954957,,0.10876557300070999,,,0.35710126899994066,,,,,,
1114,618,,,1681386667,,,,,,,,,,,,,,,,,,,,,,,,,,,,,,,3.0,,15885.0,6.9991455078125,,0.5039273520005736,2.0,0.0001,0.004666335999900184,0.0,496.0
1115,619,,,1681386668,11.0,0.0,6.280000000000001,8279.134208,0.00817206036847424,1356579.0,0.21164359475906597,2389.475328,1904.0,6181.507072,0.0,0.0,0.0,15.0,693267.0,26.609465549659063,21136.781312,2.654208,8682.0,1.9589999999998327,4759.420928,0.0,1830789.0,33.0,12.875,28448.432128,762.0,0.006899097999848891,0.0008259810001618462,0.024841715000547993,,0.10823007299950405,,,0.355817685999682,,,,,,
1116,619,,,1681386668,,,,,,,,,,,,,,,,,,,,,,,,,,,,,,,3.0,,15917.0,7.3450927734375,,0.5010435559997859,2.0,0.0001,0.004429003000041121,0.0,497.0
1117,620,,,1681386669,,,,,,,,,,,,,,,,,,,,,,,,,,,,0.006764591000319342,0.0006215690000317409,0.024044802999924286,3.0,0.10809164399961446,15949.0,7.1964111328125,0.3560684679996484,0.4997578809998231,2.0,0.0001,0.004166806000284851,0.0,498.0
1118,620,,,1681386669,11.0,0.0,6.295999999999992,8277.192704,0.06945950649230048,1357866.0,0.19288100550332982,2389.475328,1910.0,6181.507072,0.0,0.0,0.0,15.0,694255.0,24.224705144361483,21157.859328,2.654208,8704.0,1.9639999999999418,4759.420928,0.0,1832371.0,33.0,12.875,28448.432128,763.0,0.00690370200027246,0.000699387000167917,0.02435593600057473,,,,,,,,,,,
1119,621,,,1681386670,,,,,,,,,,,,,,,,,,,,,,,,,,,,,,,3.0,0.1091354689997388,15981.0,6.9376220703125,0.3593513449995953,0.5049157040002683,2.0,0.0001,0.004469864999919082,0.0,499.0
1120,621,,,1681386670,11.0,0.0,6.307999999999993,8274.489344,0.008172546304521466,1359165.0,0.24574304034951935,2389.454848,1912.0,6181.486592,0.0,0.0,0.0,15.0,695424.0,38.32473291360976,21142.15936,2.654208,8721.0,1.9659999999994398,4759.420928,0.0,1834202.0,33.0,12.875,28448.432128,764.0,0.006852409999737574,0.0005795110000690329,0.023897948000012548,,,,,,,,,,,
1121,622,,,1681386671,,,,,,,,,,,,,,,,,,,,,,,,,,,,,,,3.0,0.10938941400036128,16013.0,7.18017578125,0.3588781480002581,0.5043468260009831,2.0,0.0001,0.0047493950005446095,0.0,500.0
1122,622,,,1681386671,11.0,0.0,6.3160000000000025,8276.590592,0.008172089526636608,1360375.0,0.20743061617949513,2389.475328,1914.0,6181.507072,0.0,0.0,0.0,15.0,696536.0,42.58601146465282,21139.47648,2.654208,8737.0,1.9679999999998472,4759.420928,0.0,1835916.0,33.0,12.875,28448.432128,765.0,0.006746362000740191,0.0006972669998503989,0.023638684999241377,,,,,,,,,,,
1123,623,,,1681386672,,,,,,,,,,,,,,,,,,,,,,,,,,,,,,,3.0,0.1081163300004846,16045.0,7.222900390625,0.3586806009998327,0.5025408880001123,2.0,0.0001,0.004661642999963078,0.0,501.0
1124,623,,,1681386672,11.0,0.0,6.331999999999994,8275.574784,0.06946005163358102,1361419.0,0.1932017290956627,2389.454848,1917.0,6181.486592,0.0,0.0,0.0,15.0,697418.0,28.456244563556115,21140.35712,2.654208,8756.0,1.9699999999993452,4759.420928,0.0,1837329.0,33.0,12.875,28448.432128,767.0,0.006790981000449392,0.0006667600000582752,0.024395643999923777,,,,,0.36235114300052373,,,,,,
1125,624,,,1681386673,,,,,,,,,,,,,,,,,,,,,,,,,,,,,,,3.0,0.10794513599921629,16077.0,7.2821044921875,,0.5063505489997624,2.0,0.0001,0.004200884999590926,0.0,502.0
1126,624,,,1681386673,11.125,0.0,6.343999999999994,8275.714048,0.008171768838211713,1362826.0,0.2464937459169923,2389.475328,1919.0,6181.507072,0.0,0.0,0.0,16.875,698508.0,36.38911007827611,21140.35712,2.654208,8771.0,1.9719999999997526,4759.420928,0.0,1839129.0,33.0,13.25,28448.436224,768.0,0.006986500000493834,0.0007753840000077616,0.024760053999671072,,0.10812553600044339,,,0.3568878189998941,,,,,,
1127,625,,,1681386674,,,,,,,,,,,,,,,,,,,,,,,,,,,,,,,3.0,,16109.0,7.364990234375,,0.50188628000069,2.0,0.0001,0.0043509870001798845,0.0,503.0
1128,625,,,1681386674,11.125,0.0,6.3559999999999945,8275.595264,0.04085644411834068,1363886.0,0.21109694780391783,2389.450752,1923.0,6181.482496,0.0,0.0,0.0,16.875,699404.0,31.908332250388902,21140.332544,2.654208,8781.0,1.9749999999994543,4759.420928,0.0,1840586.0,33.0,13.25,28448.432128,769.0,0.00679286000013235,0.0007459509997715941,0.024178280000342056,,0.10816542500015203,,,0.36046929899930547,,,,,,
1129,625,,,1681386674,,,,,,,,,,,,,,,,,,,,,,,,,,,,,,,3.0,,16141.0,7.092529296875,,0.5047697720001452,2.0,0.0001,0.004417957000441675,0.0,504.0
1130,626,,,1681386675,11.125,0.0,6.367999999999995,8275.68128,0.008171403474809708,1365358.0,0.285121334219292,2389.471232,1925.0,6181.502976,0.0,0.0,0.0,16.875,700437.0,29.668873787348122,21140.242432,2.654208,8798.0,1.9769999999998618,4759.420928,0.0,1842326.0,33.0,13.25,28448.432128,769.0,0.006816285999775573,0.000616408000496449,0.02406693600005383,,0.10832465699968452,,,0.35627324800043425,,,,,,
1131,626,,,1681386675,,,,,,,,,,,,,,,,,,,,,,,,,,,,,,,3.0,,16173.0,7.287841796875,,0.5003000960005011,2.0,0.0001,0.004202561000056448,0.0,505.0
1132,627,,,1681386676,,,,,,,,,,,,,,,,,,,,,,,,,,,,0.006827793999946152,0.0007620470005349489,0.02421185100047296,3.0,0.10881537399927765,16205.0,7.444091796875,0.356851597000059,0.5016134450006575,2.0,0.0001,0.004144782000366831,0.0,506.0
1133,627,,,1681386676,11.125,0.0,6.383999999999986,8274.61632,0.012258096389043667,1366616.0,0.21862666048067642,2372.235264,1928.0,6164.267008,0.0,0.0,0.0,16.875,701344.0,30.69318800159416,21160.443904,2.654208,8817.0,1.9799999999995634,4759.420928,0.0,1843887.0,32.9,13.25,28448.432128,770.0,,,,,,,,,,,,,,
1134,628,,,1681386677,,,,,,,,,,,,,,,,,,,,,,,,,,,,0.007091123000463995,0.0009322859996245825,0.023829374999877473,3.0,0.10952703500061034,16237.0,7.32275390625,0.35736688599990885,0.503095325000686,2.0,0.0001,0.0043486200002007536,0.0,507.0
1135,628,,,1681386677,11.125,0.0,6.391999999999996,8271.691776,0.008171887392818135,1367959.0,0.21743285535703621,2389.450752,1930.0,6181.482496,0.0,0.0,0.0,16.875,702349.0,33.72714292472791,21163.49952,2.654208,8850.0,1.9809999999997672,4759.420928,0.0,1845580.0,32.9,13.25,28448.432128,772.0,0.0068457369998213835,0.0007295380000869045,0.023646857000130694,,,,,,,,,,,
1136,629,,,1681386678,,,,,,,,,,,,,,,,,,,,,,,,,,,,,,,3.0,0.10812666399942827,16269.0,6.93603515625,0.3591532169994025,0.5033010149991242,2.0,0.0001,0.004799002000254404,0.0,508.0
1137,629,,,1681386678,11.125,0.0,6.403999999999996,8272.318464,0.008172645442572325,1369197.0,0.22571346271806797,2389.471232,1932.0,6181.502976,0.0,0.0,0.0,17.5,703519.0,49.17824749662281,21143.59296,2.654208,8864.0,1.9829999999992651,4759.420928,0.0,1847364.0,33.0,13.5,28448.432128,774.0,0.006854799999928218,0.0006385169999703066,0.02443049300018174,,,,,,,,,,,
1138,630,,,1681386679,,,,,,,,,,,,,,,,,,,,,,,,,,,,,,,3.0,0.10836045399992145,16301.0,7.366943359375,0.35782416300025943,0.5025916460008375,2.0,0.0001,0.004483219000576355,0.0,509.0
1139,630,,,1681386679,11.125,0.0,6.423999999999978,8274.6368,0.0367718928233032,1370361.0,0.8430882110831944,2389.450752,1936.0,6181.482496,0.0,0.0,0.0,17.5,704573.0,40.60672723038281,21141.27872,2.654208,8875.0,1.9869999999991705,4759.420928,0.0,1849019.0,33.0,13.5,28448.432128,776.0,0.006771866999770282,0.0006247290002647787,0.02825305800070055,,,,,,,,,,,
1140,631,,,1681386680,,,,,,,,,,,,,,,,,,,,,,,,,,,,,,,3.0,0.10799332900023728,16333.0,7.129638671875,0.35428694399979577,0.5034119630008718,2.0,0.0001,0.005482036000103108,0.0,510.0
1141,631,,,1681386680,11.125,0.0,6.431999999999988,8274.673664,0.008170756401773121,1371412.0,0.20897667014806628,2389.471232,1938.0,6181.502976,0.0,0.0,0.0,17.5,705453.0,29.593258870371397,21141.241856,2.654208,8890.0,1.988999999999578,4759.420928,0.0,1850461.0,33.0,13.5,28448.432128,778.0,0.007114555999578442,0.0006945679997443222,0.026321460999497504,,,,,0.3528054759999577,,,,,,
1142,632,,,1681386681,,,,,,,,,,,,,,,,,,,,,,,,,,,,,,,3.0,0.10825025899976026,16365.0,7.1990966796875,,0.4998046089986019,2.0,0.0001,0.004618289000063669,0.0,511.0
1143,632,,,1681386681,11.125,0.0,6.439999999999998,8275.410944,0.008171951530350548,1372717.0,0.19550436382149056,2389.450752,1940.0,6181.482496,0.0,0.0,0.0,17.5,706380.0,28.323808430930512,21140.512768,2.654208,8910.0,1.9909999999999854,4759.420928,0.0,1852014.0,33.0,13.5,28448.432128,778.0,0.006728739999743993,0.0006221489993549767,0.02436422700066032,,0.10858453499986354,,,0.35690554400025576,,,,,,
1144,633,,,1681386682,,,,,,,,,,,,,,,,,,,,,,,,,,,,,,,3.0,,16397.0,7.1187744140625,,0.501558448000651,2.0,0.0001,0.0043532530007723835,0.0,512.0
1145,633,,,1681386682,11.125,0.0,6.451999999999998,8274.874368,0.07763425962934237,1373881.0,0.2406518399622924,2389.471232,1945.0,6181.502976,0.0,0.0,0.0,17.5,707353.0,33.01383323895482,21141.061632,2.654208,8924.0,1.9949999999998909,4759.420928,0.0,1853589.0,33.0,13.5,28448.432128,779.0,0.006893895000757766,0.0006813290001446148,0.030351790000167966,,0.10770323899942014,,,0.35053273599987733,,,,,,
1146,633,,,1681386682,,,,,,,,,,,,,,,,,,,,,,,,,,,,,,,3.0,,16429.0,6.984130859375,,0.5016530510010853,2.0,0.0001,0.005490062000717444,0.0,513.0
1147,634,,,1681386683,11.25,0.0,6.463999999999999,8275.316736,0.008171687212449487,1374957.0,0.21450678930683978,2389.450752,1947.0,6181.482496,0.0,0.0,0.0,17.125,708237.0,27.133768178629893,21140.619264,2.654208,8937.0,1.9969999999993888,4759.420928,0.0,1855035.0,33.0,13.5,28448.432128,779.0,0.006998247000410629,0.0008459620003122836,0.025493017999906442,,0.10855192600047303,,,0.35781029900044814,,,,,,
1148,634,,,1681386683,,,,,,,,,,,,,,,,,,,,,,,,,,,,,,,3.0,,16461.0,7.1649169921875,,0.5038719900012438,2.0,0.0001,0.004172537999693304,0.0,514.0
1149,635,,,1681386684,,,,,,,,,,,,,,,,,,,,,,,,,,,,0.0069704520001323544,0.0007174249994932325,0.02415395299976808,3.0,0.10796275600023364,16493.0,7.29736328125,0.35893200900045485,0.5029349930000535,2.0,0.0001,0.004198397999971348,0.0,515.0
1150,635,,,1681386684,11.25,0.0,6.475999999999999,8272.93696,0.01225666506872496,1376277.0,0.22468158750127007,2389.450752,1950.0,6181.482496,0.0,0.0,0.0,17.125,709238.0,35.23495164664157,21162.131456,2.654208,8964.0,2.0,4759.420928,0.0,1856730.0,32.9,13.5,28448.432128,780.0,0.006790193000597355,0.0007697000000916887,0.02449993399932282,,,,,,,,,,,
1151,636,,,1681386685,,,,,,,,,,,,,,,,,,,,,,,,,,,,,,,3.0,0.1084449849995508,16525.0,7.2928466796875,0.3604551859998537,0.5055523779992654,2.0,0.0001,0.004592379999849072,0.0,516.0
1152,636,,,1681386685,11.25,0.0,6.4839999999999804,8274.88256,0.008171378215406574,1378004.0,0.2954942727247638,2389.471232,1952.0,6181.502976,0.0,0.0,0.0,17.125,710622.0,49.06439411874654,21141.049344,2.654208,8999.0,2.0009999999992942,4759.420928,0.0,1858917.0,33.0,13.5,28448.432128,783.0,0.006970415000068897,0.0006564319992321543,0.028566265999870666,,,,,,,,,,,
1153,637,,,1681386686,,,,,,,,,,,,,,,,,,,,,,,,,,,,,,,3.0,0.109431515000324,16557.0,7.4383544921875,0.35976131099960185,0.5102135579991227,2.0,0.0001,0.004827619000025152,0.0,517.0
1154,637,,,1681386686,11.25,0.0,6.49199999999999,8276.189184,0.008172357758103203,1379119.0,0.21885797535684842,2389.446656,1954.0,6181.4784,0.0,0.0,0.0,17.125,711597.0,35.71945237848819,21139.873792,2.654208,9014.0,2.0029999999997017,4759.420928,0.0,1860470.0,33.0,13.5,28448.432128,785.0,0.006884963000629796,0.0007877719999669353,0.023987845999727142,,,,,,,,,,,
1155,638,,,1681386687,,,,,,,,,,,,,,,,,,,,,,,,,,,,,,,3.0,0.10856401499950152,16589.0,7.2476806640625,0.3611394889994699,0.5060952399999223,2.0,0.0001,0.004731155000627041,0.0,518.0
1156,638,,,1681386687,11.25,0.0,6.5120000000000005,8276.39808,0.03677274112337625,1380303.0,0.18941792172849958,2389.467136,1958.0,6181.49888,0.0,0.0,0.0,17.125,712595.0,30.704321117327893,21139.521536,2.654208,9034.0,2.0059999999994034,4759.420928,0.0,1862038.0,33.0,13.5,28448.432128,787.0,0.006930610999916098,0.0006416369997168658,0.023705151999820373,,,,,0.3633913530002246,,,,,,
1157,639,,,1681386688,,,,,,,,,,,,,,,,,,,,,,,,,,,,,,,3.0,0.10870424099994125,16621.0,7.31494140625,,0.5075103999997737,2.0,0.0001,0.004137406000154442,0.0,519.0
1158,639,,,1681386688,11.25,0.0,6.519999999999982,8276.160512,0.008172797073755473,1381507.0,0.22143172067872627,2389.446656,1960.0,6181.4784,0.0,0.0,0.0,16.75,713549.0,31.48491855999535,21139.759104,2.654208,9047.0,2.007999999999811,4759.420928,0.0,1863633.0,33.0,13.5,28448.432128,787.0,0.0068959939999331255,0.0006425319998015766,0.024490167999829282,,0.10923606200049107,,,0.36015537599996605,,,,,,
1159,640,,,1681386689,,,,,,,,,,,,,,,,,,,,,,,,,,,,,,,3.0,,16653.0,7.1259765625,,0.5057512799994583,2.0,0.0001,0.004331147999437235,0.0,520.0
1160,640,,,1681386689,11.25,0.0,6.527999999999992,8274.345984,0.008179552147732676,1382735.0,0.24403661877839677,2389.467136,1962.0,6181.49888,0.0,0.0,0.0,16.75,714499.0,35.34880527650057,21141.573632,2.654208,9060.0,2.009999999999309,4759.420928,0.0,1865216.0,33.0,13.5,28448.432128,787.0,0.00688341900058731,0.0006583480007975595,0.02427116000035312,,0.10895053700005519,,,0.3580421859996932,,,,,,
1161,640,,,1681386689,,,,,,,,,,,,,,,,,,,,,,,,,,,,,,,3.0,,16685.0,7.25341796875,,0.5032406820018878,2.0,0.0001,0.0044350320004014065,0.0,521.0
1162,641,,,1681386690,11.25,0.0,6.536000000000001,8274.403328,0.008171572546813633,1383947.0,0.2189726081702892,2389.446656,1964.0,6181.4784,0.0,0.0,0.0,16.75,715414.0,30.96418714278965,21141.512192,2.654208,9073.0,2.0109999999995125,4759.420928,0.0,1866766.0,33.0,13.5,28448.432128,788.0,0.006933185999514535,0.0007408940000459552,0.026067099000101734,,0.10842800400041597,,,0.35828785600006086,,,,,,
1163,641,,,1681386690,,,,,,,,,,,,,,,,,,,,,,,,,,,,,,,3.0,,16717.0,7.04296875,,0.5049660620006762,2.0,0.0001,0.004509023000537127,0.0,522.0
1164,642,,,1681386691,,,,,,,,,,,,,,,,,,,,,,,,,,,,0.006955807999474928,0.0006538859997817781,0.02469752800061542,3.0,0.10920064899983117,16749.0,6.831298828125,0.3595076739993601,0.5052945819988963,2.0,0.0001,0.004279036999832897,0.0,523.0
1165,642,,,1681386691,11.25,0.0,6.5519999999999925,8272.613376,0.012250806282045492,1385205.0,0.2167020876636885,2389.446656,1967.0,6181.4784,0.0,0.0,0.0,16.75,716363.0,28.436912901533898,21162.438656,2.654208,9099.0,2.013999999999214,4759.420928,0.0,1868321.0,32.9,13.5,28448.432128,789.0,0.006883967000248958,,,,,,,,,,,,,
1166,643,,,1681386692,,,,,,,,,,,,,,,,,,,,,,,,,,,,,0.0007770940001137205,0.026488002999940363,3.0,0.10804548199939745,16781.0,7.1712646484375,0.35717889399984415,0.5036980669992772,2.0,0.0001,0.004324626999732573,0.0,524.0
1167,643,,,1681386692,11.25,0.0,6.567999999999984,8270.020608,0.032690519576274016,1386644.0,0.1851611460292384,2389.467136,1971.0,6181.49888,0.0,0.0,0.0,16.75,717389.0,40.1647088565768,21163.692032,2.654208,9122.0,2.0169999999998254,4759.420928,0.0,1870097.0,32.9,13.5,28448.432128,790.0,0.006900809999933699,0.0006751509999958216,0.02498933299921191,,,,,,,,,,,
1168,644,,,1681386693,,,,,,,,,,,,,,,,,,,,,,,,,,,,,,,3.0,0.10873866499969154,16813.0,7.3101806640625,0.36381650299972534,0.5095643569984531,2.0,0.0001,0.004443894999894837,0.0,525.0
1169,644,,,1681386693,11.25,0.0,6.575999999999993,8271.917056,0.008171982624069275,1387789.0,0.2188479292620337,2389.446656,1973.0,6181.4784,0.0,0.0,0.0,17.375,718501.0,43.96433281800683,21144.014848,2.654208,9131.0,2.0189999999993233,4759.420928,0.0,1871770.0,33.0,13.625000000000002,28448.432128,792.0,0.006857741999738209,0.0006302069996309001,0.024230542999248428,,,,,,,,,,,
1170,645,,,1681386694,,,,,,,,,,,,,,,,,,,,,,,,,,,,,,,3.0,0.10832516399932501,16845.0,7.430908203125,0.36328288599997904,0.5075809389973074,2.0,0.0001,0.00425439699938579,0.0,526.0
1171,645,,,1681386694,11.25,0.0,6.584000000000003,8271.978496,0.008178335332582472,1389226.0,0.26804813515438936,2389.467136,1975.0,6181.49888,0.0,0.0,0.0,17.375,719555.0,35.85456485203359,21144.08448,2.654208,9143.0,2.019999999999527,4759.420928,0.0,1873523.0,33.0,13.625000000000002,28448.432128,793.0,0.007026541999948677,0.0006229899991012644,0.024014152000745526,,,,,,,,,,,
1172,646,,,1681386695,,,,,,,,,,,,,,,,,,,,,,,,,,,,,,,3.0,0.108168556000237,16877.0,7.27783203125,0.3649784990002445,0.5091124680002395,2.0,0.0001,0.004301728999962506,0.0,527.0
1173,646,,,1681386695,11.25,0.0,6.5919999999999845,8272.05632,0.00817183491740408,1390919.0,0.28987669089209506,2389.446656,1977.0,6181.4784,0.0,0.0,0.0,17.375,720725.0,31.647026774690282,21143.863296,2.654208,9164.0,2.0219999999999345,4759.420928,0.0,1875465.0,33.0,13.625000000000002,28448.432128,794.0,0.006819254999754776,0.0007801570000083302,0.026429136999468028,,,,,0.3611349970005904,,,,,,
1174,647,,,1681386696,,,,,,,,,,,,,,,,,,,,,,,,,,,,,,,3.0,0.10884194200025377,16909.0,7.10205078125,,0.5091568170000755,2.0,0.0001,0.00515132900000026,0.0,528.0
1175,647,,,1681386696,11.25,0.0,6.607999999999976,8271.785984,0.08988789661048391,1392448.0,0.24206050853722721,2389.467136,1984.0,6181.49888,0.0,0.0,0.0,17.375,721775.0,35.50839249694517,21144.14592,2.654208,9183.0,2.027999999999338,4759.420928,0.0,1877279.0,33.0,13.625000000000002,28448.432128,794.0,0.006855587999780255,0.000787705999755417,0.02706215499983955,,0.10940057799962233,,,0.3566871209995952,,,,,,
1176,648,,,1681386697,,,,,,,,,,,,,,,,,,,,,,,,,,,,,,,3.0,,16941.0,7.3607177734375,,0.5056955709978865,2.0,0.0001,0.004902422999293776,0.0,529.0
1177,648,,,1681386697,11.25,0.0,6.6159999999999854,8271.876096,0.008171290767655982,1393673.0,0.2660058375999852,2389.446656,1986.0,6181.4784,0.0,0.0,0.0,17.375,722748.0,32.93136309923169,21144.059904,2.654208,9194.0,2.0299999999997453,4759.420928,0.0,1878905.0,33.0,13.625000000000002,28448.432128,795.0,0.006970907999857445,0.00076257699947746,0.031161580000116373,,0.10942061799960356,,,0.35183687599965197,,,,,,
1178,648,,,1681386697,,,,,,,,,,,,,,,,,,,,,,,,,,,,,,,3.0,,16973.0,6.9296875,,0.5060467779985629,2.0,0.0001,0.005894218999856093,0.0,530.0
1179,649,,,1681386698,11.375,0.0,6.631999999999977,8273.514496,0.01634454057514257,1395009.0,0.17907168039778132,2389.467136,1989.0,6181.49888,0.0,0.0,0.0,18.0,723813.0,41.02767789149164,21142.421504,2.654208,9205.0,2.0319999999992433,4759.420928,0.0,1880670.0,33.0,13.875000000000002,28448.432128,797.0,0.006901136000124097,0.0007819840002412093,0.025093862999710836,,0.10898052800075675,,,0.35983587199916656,,,,,,
1180,649,,,1681386698,,,,,,,,,,,,,,,,,,,,,,,,,,,,,,,3.0,,17005.0,7.1851806640625,,0.5063076149999688,2.0,0.0001,0.004714231999969343,0.0,531.0
1181,650,,,1681386699,,,,,,,,,,,,,,,,,,,,,,,,,,,,0.006947799000045052,0.0007477169992853305,0.023543190000054892,3.0,0.10853624799983663,17037.0,7.1834716796875,0.36774210200019297,0.5123013470001752,2.0,0.0001,0.004784291000760277,0.0,532.0
1182,650,,,1681386699,11.375,0.0,6.643999999999977,8271.937536,0.012258662011607073,1396338.0,0.21839732153478736,2389.46304,1992.0,6181.494784,0.0,0.0,0.0,18.0,724866.0,30.447332053605052,21163.270144,2.654208,9227.0,2.0349999999998545,4759.420928,0.0,1882338.0,32.9,13.875000000000002,28448.432128,799.0,0.00696106699979282,0.0008159739991242532,0.024665453999659803,,,,,,,,,,,
1183,651,,,1681386700,,,,,,,,,,,,,,,,,,,,,,,,,,,,,,,3.0,0.10925503399994341,17069.0,7.12353515625,0.36620490700079245,0.5127333459986403,2.0,0.0001,0.0048309099993275595,0.0,533.0
1184,651,,,1681386700,11.375,0.0,6.651999999999987,8270.557184,0.00817075446239373,1397753.0,0.24533009440293818,2389.44256,1994.0,6181.474304,0.0,0.0,0.0,18.0,726058.0,44.87413458827571,21164.654592,2.654208,9239.0,2.0359999999991487,4759.420928,0.0,1884239.0,32.9,13.875000000000002,28448.432128,800.0,0.006861782999294519,0.0005949959995632526,0.024374955999519443,,,,,,,,,,,
1185,652,,,1681386701,,,,,,,,,,,,,,,,,,,,,,,,,,,,,,,3.0,0.1086567060001471,17101.0,7.1708984375,0.3632231790006699,0.5084552889993574,2.0,0.0001,0.004743669000163209,0.0,534.0
1186,652,,,1681386701,11.375,0.0,6.667999999999978,8272.084992,0.040852412244758725,1398738.0,0.1714604466527292,2389.46304,1998.0,6181.494784,0.0,0.0,0.0,18.0,727015.0,39.55561146406605,21143.846912,2.654208,9255.0,2.03899999999976,4759.420928,0.0,1885710.0,33.0,13.875000000000002,28448.432128,804.0,0.0070709229994463385,0.0006821100005254266,0.02835375899940118,,,,,,,,,,,
1187,653,,,1681386702,,,,,,,,,,,,,,,,,,,,,,,,,,,,,,,3.0,0.11047540999970806,17133.0,7.1597900390625,0.36045175500021287,0.5112716889989315,2.0,0.0001,0.004237731999637617,0.0,535.0
1188,653,,,1681386702,11.375,0.0,6.675999999999988,8272.736256,0.008172756250399064,1399741.0,0.19267432480214447,2389.44256,2000.0,6181.474304,0.0,0.0,0.0,18.0,727889.0,31.79104012111672,21143.199744,2.654208,9273.0,2.040999999999258,4759.420928,0.0,1887134.0,33.0,13.875000000000002,28448.432128,804.0,0.006928529000106209,0.0009051750002981862,0.02493452700036869,,,,,,,,,,,
1189,654,,,1681386703,,,,,,,,,,,,,,,,,,,,,,,,,,,,,,,3.0,0.10953474699999788,17165.0,7.2877197265625,0.36411789000067074,0.5116051450013401,2.0,0.0001,0.0051842769998984295,0.0,536.0
1190,654,,,1681386703,11.375,0.0,6.691999999999979,8273.178624,0.07761410182448732,1401231.0,0.28779768512890785,2389.46304,2004.0,6181.494784,0.0,0.0,0.0,17.5,729017.0,35.66821951124583,21142.75328,2.654208,9299.0,2.045999999999367,4759.420928,0.0,1889024.0,33.0,13.875000000000002,28448.432128,806.0,0.006840914999884262,0.0006036900003891787,0.025306781999461236,,,,,0.3621784299994033,,,,,,
1191,655,,,1681386704,,,,,,,,,,,,,,,,,,,,,,,,,,,,,,,3.0,0.10896420100016257,17197.0,7.363525390625,,0.5080149669993261,2.0,0.0001,0.0041209490000255755,0.0,537.0
1192,655,,,1681386704,11.375,0.0,6.699999999999989,8273.473536,0.008171428737997873,1402430.0,0.19496518262079637,2389.44256,2006.0,6181.474304,0.0,0.0,0.0,17.5,729941.0,31.252634686748692,21142.593536,2.654208,9325.0,2.0469999999995707,4759.420928,0.0,1890581.0,33.0,13.875000000000002,28448.432128,808.0,0.007085386000653671,0.000697823000336939,0.02490439699977287,,0.10950860800039663,,,0.36198171399973944,,,,,,
1193,656,,,1681386705,,,,,,,,,,,,,,,,,,,,,,,,,,,,,,,3.0,,17229.0,7.142333984375,,0.5083925030003229,2.0,0.0001,0.004214574999423348,0.0,538.0
1194,656,,,1681386705,11.375,0.0,6.707999999999998,8273.453056,0.008171671664870138,1403767.0,0.24330673570398625,2389.46304,2008.0,6181.494784,0.0,0.0,0.0,17.5,730958.0,33.397095399863595,21142.478848,2.654208,9336.0,2.048999999999978,4759.420928,0.0,1892258.0,33.0,13.875000000000002,28448.432128,809.0,0.007159031999435683,0.0007761580000078538,0.024635157999910007,,0.10886632099936833,,,0.3644454240002233,,,,,,
1195,657,,,1681386706,,,,,,,,,,,,,,,,,,,,,,,,,,,,,,,3.0,,17261.0,7.3770751953125,,0.5102716259989393,2.0,0.0001,0.004389532999994117,0.0,539.0
1196,657,,,1681386706,11.375,0.0,6.7239999999999895,8273.764352,0.04494931473534277,1405087.0,0.24244057771772884,2389.44256,2012.0,6181.474304,0.0,0.0,0.0,17.5,731913.0,31.7108556491163,21142.15936,2.654208,9352.0,2.05199999999968,4759.420928,0.0,1893889.0,33.0,13.875000000000002,28448.432128,810.0,0.006800870000006398,0.0006459659998654388,0.02477938000083668,,0.10886170800040418,,,0.3639865080003801,,,,,,
1197,657,,,1681386706,,,,,,,,,,,,,,,,,,,,,,,,,,,,,,,3.0,,17293.0,7.2095947265625,,0.5095135230012602,2.0,0.0001,0.004439090999767359,0.0,540.0
1198,658,,,1681386707,,,,,,,,,,,,,,,,,,,,,,,,,,,,0.00702644800003327,0.0007509709994337754,0.025709508999170794,3.0,0.10962606700013566,17325.0,7.1405029296875,0.3621045290001348,0.5094092279987308,2.0,0.0001,0.004191703999822494,0.0,541.0
1199,658,,,1681386707,11.375,0.0,6.739999999999981,8272.027648,0.012259277258297637,1406342.0,0.2175941900036554,2389.44256,2015.0,6181.474304,0.0,0.0,0.0,17.5,732872.0,26.777629637080654,21163.032576,2.654208,9379.0,2.053999999999178,4759.420928,0.0,1895441.0,32.9,13.875000000000002,28448.432128,811.0,0.00687422500050161,,,,,,,,,,,,,
1200,659,,,1681386708,,,,,,,,,,,,,,,,,,,,,,,,,,,,,0.0006357379998007673,0.026364651000221784,3.0,0.10973150700010592,17357.0,7.193603515625,0.36435319399970467,0.512718427999971,2.0,0.0001,0.0047591129996362724,0.0,542.0
1201,659,,,1681386708,11.5,0.0,6.751999999999981,8269.78304,0.00817191265536954,1407772.0,0.21848693822020582,2389.46304,2017.0,6181.494784,0.0,0.0,0.0,18.125,733878.0,35.28196954766027,21165.277184,2.654208,9412.0,2.0559999999995853,4759.420928,0.0,1897221.0,32.9,14.000000000000002,28448.432128,812.0,0.006980137000027753,0.0007002419997661491,0.024615192000055686,,,,,,,,,,,
1202,660,,,1681386709,,,,,,,,,,,,,,,,,,,,,,,,,,,,,,,3.0,0.1091663580000386,17389.0,7.1024169921875,0.36248181000064505,0.5087448490003226,2.0,0.0001,0.0048011099997893325,0.0,543.0
1203,660,,,1681386709,11.5,0.0,6.763999999999982,8271.6672,0.07353691256396112,1408985.0,0.8482039216716507,2389.44256,2022.0,6181.474304,0.0,0.0,0.0,18.125,735114.0,49.18724176719014,21144.399872,2.654208,9429.0,2.0599999999994907,4759.420928,0.0,1899071.0,33.0,14.000000000000002,28448.432128,813.0,0.006899527999848942,0.0008127600003717816,0.024920286999986274,,,,,,,,,,,
1204,661,,,1681386710,,,,,,,,,,,,,,,,,,,,,,,,,,,,,,,3.0,0.10922518300048978,17421.0,7.3231201171875,0.3617635729997346,0.508523435000825,2.0,0.0001,0.004902104000393592,0.0,544.0
1205,661,,,1681386710,11.5,0.0,6.775999999999982,8272.531456,0.008171178056353959,1410341.0,0.24350748990653734,2389.46304,2024.0,6181.494784,0.0,0.0,0.0,18.125,736073.0,34.625933580604816,21143.396352,2.654208,9444.0,2.061999999999898,4759.420928,0.0,1900736.0,33.0,14.000000000000002,28448.432128,814.0,0.006808860999626631,0.000649454000267724,0.026073569999425672,,,,,,,,,,,
1206,662,,,1681386711,,,,,,,,,,,,,,,,,,,,,,,,,,,,,,,3.0,0.10919767199993657,17453.0,7.099365234375,0.361215601999902,0.5090176649991918,2.0,0.0001,0.005072506000033172,0.0,545.0
1207,662,,,1681386711,11.5,0.0,6.792000000000002,8272.883712,0.0081717960471615,1411447.0,0.1894515997140734,2389.44256,2026.0,6181.474304,0.0,0.0,0.0,18.125,736959.0,30.597981530099563,21143.052288,2.654208,9461.0,2.063999999999396,4759.420928,0.0,1902220.0,33.0,14.000000000000002,28448.432128,815.0,0.006872463000036078,0.0006236420003915555,0.02490090199989936,,,,,0.36389174000032654,,,,,,
1208,663,,,1681386712,,,,,,,,,,,,,,,,,,,,,,,,,,,,,,,3.0,0.10928330399929109,17485.0,7.01904296875,,0.5098916219994862,2.0,0.0001,0.004319570999541611,0.0,546.0
1209,663,,,1681386712,11.5,0.0,6.799999999999983,8272.54784,0.008170991516182951,1412556.0,0.19284816692854995,2389.46304,2028.0,6181.494784,0.0,0.0,0.0,18.125,737841.0,24.917470543088218,21143.379968,2.654208,9481.0,2.0659999999998035,4759.420928,0.0,1903684.0,33.0,14.000000000000002,28448.436224,817.0,0.007089644000188855,0.0006129209996288409,0.02533568400031072,,0.1097080730005473,,,0.36382240100010677,,,,,,
1210,664,,,1681386713,,,,,,,,,,,,,,,,,,,,,,,,,,,,,,,3.0,,17517.0,7.161376953125,,0.5112149980013783,2.0,0.0001,0.004646275000595779,0.0,547.0
1211,664,,,1681386713,11.5,0.0,6.811999999999983,8272.945152,0.008172143945359417,1413815.0,0.24118199438980262,2389.438464,2030.0,6181.470208,0.0,0.0,0.0,17.75,738882.0,33.37292102150496,21143.130112,2.654208,9498.0,2.066999999999098,4759.420928,0.0,1905359.0,33.0,14.000000000000002,28448.432128,817.0,0.006771560999368376,0.0006945839995751157,0.02419365999958245,,0.10901879799985181,,,0.36448077099976217,,,,,,
1212,665,,,1681386714,,,,,,,,,,,,,,,,,,,,,,,,,,,,,,,3.0,,17549.0,7.3062744140625,,0.509655745998316,2.0,0.0001,0.004496372000176052,0.0,548.0
1213,665,,,1681386714,11.5,0.0,6.831999999999994,8272.0768,0.032689244427921295,1414855.0,0.2111233574306869,2389.458944,2034.0,6181.490688,0.0,0.0,0.0,17.75,739716.0,25.416677638493045,21143.846912,2.654208,9514.0,2.0709999999999127,4759.420928,0.0,1906763.0,33.0,14.000000000000002,28448.432128,818.0,0.006708103000164556,0.0007311499994102633,0.024592705000031856,,0.11031207199994242,,,0.3681127359996026,,,,,,
1214,665,,,1681386714,,,,,,,,,,,,,,,,,,,,,,,,,,,,,,,3.0,,17581.0,7.334228515625,,0.5145894019988191,2.0,0.0001,0.0041326359996674,0.0,549.0
1215,666,,,1681386715,,,,,,,,,,,,,,,,,,,,,,,,,,,,0.007001038999987941,0.0006163940006445046,0.023856372999944142,3.0,0.10940745500010962,17613.0,7.2110595703125,0.3639800009996179,0.5090037500003746,2.0,0.0001,0.004142488000070443,0.0,550.0
1216,666,,,1681386715,11.5,0.0,6.851999999999975,8272.134144,0.01226239526307347,1416145.0,0.20451695432684888,2380.808192,2037.0,6172.839936,0.0,0.0,0.0,17.75,740749.0,26.782380516945146,21162.930176,2.654208,9539.0,2.0729999999994106,4759.420928,0.0,1908369.0,32.9,14.000000000000002,28448.432128,818.0,,,,,,,,,,,,,,
1217,667,,,1681386716,,,,,,,,,,,,,,,,,,,,,,,,,,,,0.007036519999928714,0.0007033490001049358,0.02513030099999014,3.0,0.10985834399980376,17645.0,7.046875,0.3604375210006765,0.5075850490002267,2.0,0.0001,0.004419013999722665,0.0,551.0
1218,667,,,1681386716,11.5,0.0,6.859999999999985,8270.290944,0.008165727107579032,1417674.0,0.29840788492517667,2389.438464,2039.0,6181.470208,0.0,0.0,0.0,17.75,741826.0,31.77545179535964,21164.920832,2.654208,9557.0,2.074999999999818,4759.420928,0.0,1910238.0,32.9,14.000000000000002,28448.432128,820.0,0.006862902999273501,0.0006363779993989738,0.024595249999947555,,,,,,,,,,,
1219,668,,,1681386717,,,,,,,,,,,,,,,,,,,,,,,,,,,,,,,3.0,0.1092493709993505,17677.0,7.3465576171875,0.3655833040002108,0.5115137249977124,2.0,0.0001,0.004586518999531108,0.0,552.0
1220,668,,,1681386717,11.5,0.0,6.875999999999976,8272.572416,0.008162188959154474,1418953.0,0.25235033224954173,2389.458944,2041.0,6181.490688,0.0,0.0,0.0,17.75,743018.0,52.81958920725029,21143.355392,2.654208,9578.0,2.076999999999316,4759.420928,0.0,1912075.0,33.0,14.000000000000002,28448.432128,823.0,0.007004316999882576,0.0006079670001781778,0.02487459000076342,,,,,,,,,,,
1221,669,,,1681386718,,,,,,,,,,,,,,,,,,,,,,,,,,,,,,,3.0,0.1082356160004565,17709.0,7.2232666015625,0.36108980199969665,0.5069506020008703,2.0,0.0001,0.005138309999892954,0.0,553.0
1222,669,,,1681386718,11.5,0.0,6.887999999999977,8274.04288,0.008163201209189975,1420019.0,0.16495406192601125,2389.438464,2043.0,6181.470208,0.0,0.0,0.0,17.25,743928.0,32.389780749495074,21141.889024,2.654208,9594.0,2.0789999999997235,4759.420928,0.0,1913554.0,33.0,14.000000000000002,28448.432128,824.0,0.006842679999863321,0.0007165229999372968,0.024421594999694207,,,,,,,,,,,
1223,670,,,1681386719,,,,,,,,,,,,,,,,,,,,,,,,,,,,,,,3.0,0.1092792780000309,17741.0,7.087890625,0.3641558849994908,0.509685558999081,2.0,0.0001,0.004269598000064434,0.0,554.0
1224,670,,,1681386719,11.5,0.0,6.907999999999987,8272.2816,0.03266557894515648,1421228.0,0.22185638201107655,2389.458944,2047.0,6181.490688,0.0,0.0,0.0,17.25,744968.0,35.30484767188909,21143.638016,2.654208,9618.0,2.081999999999425,4759.420928,0.0,1915231.0,33.0,14.000000000000002,28448.432128,825.0,0.007043483000416018,0.000731293999706395,0.024888900999940233,,,,,0.3608232650003629,,,,,,
1225,671,,,1681386720,,,,,,,,,,,,,,,,,,,,,,,,,,,,,,,3.0,0.10845408299974224,17773.0,7.31787109375,,0.5075575419996312,2.0,0.0001,0.005616515999463445,0.0,555.0
1226,671,,,1681386720,11.5,0.0,6.915999999999997,8272.863232,0.008172890385815867,1422556.0,0.22406809050080684,2389.438464,2049.0,6181.470208,0.0,0.0,0.0,17.25,745973.0,31.78085891719615,21143.056384,2.654208,9633.0,2.0839999999998327,4759.420928,0.0,1916917.0,33.0,14.000000000000002,28448.432128,827.0,0.006869740999718488,0.0007558939996670233,0.024866118999852915,,0.1088133889998062,,,0.36179421999986516,,,,,,
1227,672,,,1681386721,,,,,,,,,,,,,,,,,,,,,,,,,,,,,,,3.0,,17805.0,7.1983642578125,,0.5076332389990057,2.0,0.0001,0.0045338760000959155,0.0,556.0
1228,672,,,1681386721,11.5,0.0,6.927999999999997,8272.826368,0.00817298758814459,1423574.0,0.20756515155078625,2389.458944,2051.0,6181.490688,0.0,0.0,0.0,17.25,746787.0,21.767004504076443,21143.093248,2.654208,9644.0,2.084999999999127,4759.420928,0.0,1918290.0,33.0,14.000000000000002,28448.432128,827.0,0.006807724000282178,0.0006712859994877363,0.02508428199962509,,0.10846842000046308,,,0.3661360550004247,,,,,,
1229,673,,,1681386722,,,,,,,,,,,,,,,,,,,,,,,,,,,,,,,3.0,,17837.0,7.0308837890625,,0.5114113700001326,2.0,0.0001,0.004243602999849827,0.0,557.0
1230,673,,,1681386722,11.5,0.0,6.935999999999979,8272.949248,0.008171900997665123,1424614.0,0.21460816560790758,2389.438464,2053.0,6181.470208,0.0,0.0,0.0,16.875,747709.0,29.30778074944384,21142.966272,2.654208,9659.0,2.0869999999995343,4759.420928,0.0,1919776.0,33.0,13.875000000000002,28448.432128,828.0,0.00682464599958621,0.000692608000463224,0.023782463000316056,,0.10912835599992832,,,0.3638975459998619,,,,,,
1231,673,,,1681386722,,,,,,,,,,,,,,,,,,,,,,,,,,,,,,,3.0,,17869.0,7.1861572265625,,0.5089676140005395,2.0,0.0001,0.0046419950003837585,0.0,558.0
1232,674,,,1681386723,,,,,,,,,,,,,,,,,,,,,,,,,,,,0.0069982100003471714,0.00081501600016054,0.024901947999751428,3.0,0.1089973900006953,17901.0,7.3060302734375,0.3613813810006832,0.5076124890019855,2.0,0.0001,0.004518544000347902,0.0,559.0
1233,674,,,1681386723,11.5,0.0,6.951999999999998,8273.412096,0.0817234609404768,1426005.0,0.22343864610576367,2380.787712,2059.0,6172.819456,0.0,0.0,0.0,16.875,748783.0,34.97155990910288,21161.660416,2.654208,9680.0,2.0919999999996435,4759.420928,0.0,1921535.0,32.9,13.875000000000002,28448.432128,829.0,,,,,,,,,,,,,,
1234,675,,,1681386724,,,,,,,,,,,,,,,,,,,,,,,,,,,,0.006926532999386836,0.0006946069997866289,0.024624052999570267,3.0,0.10913944200001424,17933.0,7.1866455078125,0.36336592299994663,0.5092680089983332,2.0,0.0001,0.004517450999628636,0.0,560.0
1235,675,,,1681386724,11.5,0.0,6.9599999999999795,8270.76608,0.008172835953521692,1427671.0,0.24972642978805754,2389.458944,2061.0,6181.490688,0.0,0.0,0.0,16.875,749966.0,37.29024808392554,21164.445696,2.654208,9695.0,2.0939999999991414,4759.420928,0.0,1923542.0,32.9,13.875000000000002,28448.432128,830.0,0.006936578000022564,0.0007520770004703081,0.025560774999576097,,,,,,,,,,,
1236,676,,,1681386725,,,,,,,,,,,,,,,,,,,,,,,,,,,,,,,3.0,0.10938482399978966,17965.0,7.0157470703125,0.3614826780003568,0.5086158230005822,2.0,0.0001,0.0044988910003667115,0.0,561.0
1237,676,,,1681386725,11.5,0.0,6.967999999999989,8268.681216,0.008172091470279554,1429772.0,0.30037224485207165,2389.438464,2063.0,6181.470208,0.0,0.0,0.0,16.875,751250.0,54.706725606350325,21166.526464,2.654208,9714.0,2.095999999999549,4759.420928,0.0,1925885.0,32.9,13.875000000000002,28448.432128,832.0,0.006890799000757397,0.0005940959999861661,0.024737524000556732,,,,,,,,,,,
1238,677,,,1681386726,,,,,,,,,,,,,,,,,,,,,,,,,,,,,,,3.0,0.10879382799976156,17997.0,7.197998046875,0.3630618780007353,0.5085395810010596,2.0,0.0001,0.004461455999262398,0.0,562.0
1239,677,,,1681386726,11.5,0.0,6.975999999999999,8278.949888,0.008171296593819006,1431451.0,0.28261195336424666,2389.454848,2065.0,6181.486592,0.0,0.0,0.0,16.875,752887.0,80.8902424763401,21137.12128,2.654208,9723.0,2.0979999999999563,4759.420928,0.0,1928350.0,33.0,13.875000000000002,28448.432128,834.0,0.006987605999711377,0.0007050600006550667,0.02362438700038183,,,,,,,,,,,
1240,678,,,1681386727,,,,,,,,,,,,,,,,,,,,,,,,,,,,,,,3.0,0.1092735360007282,18029.0,7.200927734375,0.36394144499990944,0.5085494160020971,2.0,0.0001,0.004017382000711223,0.0,563.0
1241,678,,,1681386727,11.5,0.0,6.99199999999999,8279.887872,0.008169450912377866,1432508.0,0.2172004893278918,2389.434368,2067.0,6181.466112,0.0,0.0,0.0,16.5,753780.0,24.5071161469467,21136.044032,2.654208,9748.0,2.0999999999994543,4759.420928,0.0,1929772.0,33.0,13.875000000000002,28448.432128,836.0,0.006789928000216605,0.0007360460003837943,0.02780756000083784,,,,,0.35862092600018514,,,,,,
1242,679,,,1681386728,,,,,,,,,,,,,,,,,,,,,,,,,,,,,,,3.0,0.10895954300031008,18061.0,7.036865234375,,0.5077425840017895,2.0,0.0001,0.004828580999856058,0.0,564.0
1243,679,,,1681386728,11.5,0.0,7.0,8279.539712,0.03268618136829529,1433760.0,0.22245116987301114,2389.454848,2071.0,6181.486592,0.0,0.0,0.0,16.5,754746.0,32.99882277690276,21136.531456,2.654208,9762.0,2.102999999999156,4759.420928,0.0,1931353.0,33.0,13.875000000000002,28448.432128,838.0,0.006653507999544672,0.000667594000333338,0.024370713000280375,,0.10931121700014046,,,0.36327562799942825,,,,,,
1244,680,,,1681386729,,,,,,,,,,,,,,,,,,,,,,,,,,,,,,,3.0,,18093.0,7.2467041015625,,0.5087796449997768,2.0,0.0001,0.004500985000049695,0.0,565.0
1245,680,,,1681386729,11.5,0.0,7.0120000000000005,8279.191552,0.008172517150358272,1434892.0,0.21018692542334938,2389.434368,2073.0,6181.466112,0.0,0.0,0.0,16.5,755659.0,26.166636116581873,21136.744448,2.654208,9776.0,2.1049999999995634,4759.420928,0.0,1932825.0,33.0,13.875000000000002,28448.432128,839.0,0.006954789999326749,0.000702170999829832,0.02499554799942416,,0.10927275999983976,,,0.3616892150002968,,,,,,
1246,681,,,1681386730,,,,,,,,,,,,,,,,,,,,,,,,,,,,,,,3.0,,18125.0,7.2994384765625,,0.5078250209990074,2.0,0.0001,0.00421053700029006,0.0,566.0
1247,681,,,1681386730,11.5,0.0,7.024000000000001,8278.831104,0.008172019552477192,1436100.0,0.23571966951458412,2389.454848,2075.0,6181.486592,0.0,0.0,0.0,16.5,756611.0,27.181118639809807,21137.104896,2.654208,9785.0,2.105999999999767,4759.420928,0.0,1934352.0,33.0,13.875000000000002,28448.432128,841.0,0.007062679000227945,0.0006853539998701308,0.024358910000046308,,0.10928208299992548,,,0.36348779699983425,,,,,,
1248,681,,,1681386730,,,,,,,,,,,,,,,,,,,,,,,,,,,,,,,3.0,,18157.0,7.0030517578125,,0.5094301469998754,2.0,0.0001,0.004553323999971326,0.0,567.0
1249,682,,,1681386731,,,,,,,,,,,,,,,,,,,,,,,,,,,,0.00680079899939301,0.0006412329994418542,0.024344341999494645,3.0,0.1088003810000373,18189.0,7.06689453125,0.3640612660001352,0.5091569339983835,2.0,0.0001,0.0045089129998814315,0.0,568.0
1250,682,,,1681386731,11.5,0.0,7.039999999999992,8278.941696,0.02451864199350099,1437256.0,0.21252682259081412,2385.129472,2080.0,6177.161216,0.0,0.0,0.0,16.5,757484.0,24.976538806817718,21156.130816,2.654208,9804.0,2.1109999999998763,4759.420928,0.0,1935813.0,33.0,13.875000000000002,28448.432128,841.0,,,,,,,,,,,,,,
1251,683,,,1681386732,,,,,,,,,,,,,,,,,,,,,,,,,,,,0.006863736000013887,0.000741758000003756,0.024354335999305476,3.0,0.10878634500022599,18221.0,7.0382080078125,0.36357553000016196,0.5086350209994634,2.0,0.0001,0.004313315999752376,0.0,569.0
1252,683,,,1681386732,11.5,0.0,7.048000000000002,8275.099648,0.008172480217453072,1438495.0,0.2003295175130478,2389.434368,2082.0,6181.466112,0.0,0.0,0.0,17.25,758482.0,32.421258559035536,21160.112128,2.654208,9817.0,2.1119999999991705,4759.420928,0.0,1937471.0,32.9,14.124999999999998,28448.432128,842.0,0.006877732000248216,0.0006972250002945657,0.024902074000237917,,,,,,,,,,,
1253,684,,,1681386733,,,,,,,,,,,,,,,,,,,,,,,,,,,,,,,3.0,0.10882050599957438,18253.0,7.0357666015625,0.36295668900038436,0.5083601430005729,2.0,0.0001,0.0041059169998334255,0.0,570.0
1254,684,,,1681386733,11.5,0.0,7.063999999999993,8274.432,0.1348102035258535,1439918.0,0.23626094556870486,2389.454848,2090.0,6181.486592,0.0,0.0,0.0,17.25,759749.0,47.77993244608362,21141.504,2.654208,9836.0,2.118999999999687,4759.420928,0.0,1939430.0,33.0,14.124999999999998,28448.432128,844.0,0.007072061000144458,0.0007713229997534654,0.029857058999368746,,,,,,,,,,,
1255,685,,,1681386734,,,,,,,,,,,,,,,,,,,,,,,,,,,,,,,3.0,0.10873488300057943,18285.0,7.1060791015625,0.3551707480000914,0.5071208580002349,2.0,0.0001,0.005514784000297368,0.0,571.0
1256,685,,,1681386734,11.5,0.0,7.075999999999993,8277.254144,0.008171455944682899,1440978.0,0.21513911360297028,2389.434368,2092.0,6181.466112,0.0,0.0,0.0,17.25,760702.0,36.007863768527365,21138.67776,2.654208,9853.0,2.120999999999185,4759.420928,0.0,1940945.0,33.0,14.124999999999998,28448.432128,845.0,0.006948342000214325,0.0006659170003331383,0.02405708300011611,,,,,,,,,,,
1257,686,,,1681386735,,,,,,,,,,,,,,,,,,,,,,,,,,,,,,,3.0,0.10908034000021871,18317.0,7.3101806640625,0.36490473600042606,0.5101074290014367,2.0,0.0001,0.0044510110001283465,0.0,572.0
1258,686,,,1681386735,11.5,0.0,7.084000000000003,8277.549056,0.008170023956899879,1442149.0,0.18990518573490153,2389.454848,2094.0,6181.486592,0.0,0.0,0.0,17.25,761600.0,27.181996820890696,21138.378752,2.654208,9879.0,2.121999999999389,4759.420928,0.0,1942453.0,33.0,14.124999999999998,28448.432128,847.0,0.006859032000647858,0.0006896320001033018,0.024389017000430613,,,,,0.36329913800000213,,,,,,
1259,687,,,1681386736,,,,,,,,,,,,,,,,,,,,,,,,,,,,,,,3.0,0.10880633200031298,18349.0,7.12109375,,0.5089089150014843,2.0,0.0001,0.004865763999987394,0.0,573.0
1260,687,,,1681386736,11.5,0.0,7.0919999999999845,8268.353536,0.061295715609857276,1443822.0,0.2989762378475212,2389.434368,2099.0,6181.466112,0.0,0.0,0.0,17.25,762689.0,31.1908197226035,21147.574272,2.654208,9898.0,2.1259999999992942,4759.420928,0.0,1944414.0,33.0,14.124999999999998,28448.432128,850.0,0.0068524219996106694,0.0007322069996007485,0.024341718999494333,,0.10901732999991509,,,0.3622518369993486,,,,,,
1261,688,,,1681386737,,,,,,,,,,,,,,,,,,,,,,,,,,,,,,,3.0,,18381.0,7.36669921875,,0.5079661409981782,2.0,0.0001,0.004770626000208722,0.0,574.0
1262,688,,,1681386737,11.5,0.0,7.099999999999994,8269.852672,0.008172752358852196,1444947.0,0.1860657966916279,2389.454848,2101.0,6181.486592,0.0,0.0,0.0,16.875,763659.0,31.100914276455953,21146.079232,2.654208,9925.0,2.1279999999997017,4759.420928,0.0,1945978.0,33.0,14.000000000000002,28448.432128,852.0,0.006993435999902431,0.0006407360006051022,0.02904222300003312,,0.1090296969996416,,,0.35827519400027086,,,,,,
1263,689,,,1681386738,,,,,,,,,,,,,,,,,,,,,,,,,,,,,,,3.0,,18413.0,7.2371826171875,,0.5083717820007223,2.0,0.0001,0.004390496000269195,0.0,575.0
1264,689,,,1681386738,11.5,0.0,7.107999999999976,8269.881344,0.008172186709916495,1446181.0,0.24775133220912696,2389.434368,2103.0,6181.466112,0.0,0.0,0.0,16.875,764605.0,34.44816915347646,21146.046464,2.654208,9937.0,2.1289999999999054,4759.420928,0.0,1947569.0,33.0,14.000000000000002,28448.436224,853.0,0.006888834000164934,0.0006767229997421964,0.026080016999912914,,0.10936140099965996,,,0.3612144380003883,,,,,,
1265,690,,,1681386739,,,,,,,,,,,,,,,,,,,,,,,,,,,,,,,3.0,,18445.0,7.075439453125,,0.5089642029997776,2.0,0.0001,0.0047427899999092915,0.0,576.0
1266,690,,,1681386739,,,,,,,,,,,,,,,,,,,,,,,,,,,,0.006810231000599742,0.0008687819999977364,0.02630965600019408,3.0,0.10822240899960889,18477.0,7.2442626953125,0.3618790020000233,0.508633268000267,2.0,0.0001,0.004543187999843212,0.0,577.0
1267,690,,,1681386739,11.5,0.0,7.123999999999995,8270.741504,0.01225370729992808,1447629.0,0.8627136464478047,2389.430272,2106.0,6181.462016,0.0,0.0,0.0,16.875,765645.0,35.92805328483127,21164.322816,2.654208,9958.0,2.131999999999607,4759.420928,0.0,1949321.0,32.9,14.000000000000002,28448.432128,853.0,0.006482249999862688,,,,,,,,,,,,,
1268,691,,,1681386740,,,,,,,,,,,,,,,,,,,,,,,,,,,,,0.0007749790001980728,0.027728080999622762,3.0,0.10917827699995541,18509.0,7.2347412109375,0.35973472600016976,0.508715103999748,2.0,0.0001,0.004816790999939258,0.0,578.0
1269,691,,,1681386740,11.5,0.0,7.131999999999977,8268.435456,0.008172348035635121,1449146.0,0.19996714104650884,2389.450752,2108.0,6181.482496,0.0,0.0,0.0,16.875,766663.0,36.683475620764376,21166.768128,2.654208,9982.0,2.132999999999811,4759.420928,0.0,1951148.0,32.9,14.000000000000002,28448.432128,855.0,0.007118734999494336,0.0006637119995502871,0.024568437000198173,,,,,,,,,,,
1270,692,,,1681386741,,,,,,,,,,,,,,,,,,,,,,,,,,,,,,,3.0,0.10856341199996677,18541.0,7.0767822265625,0.3632770719996188,0.5086114569985511,2.0,0.0001,0.004420088999722793,0.0,579.0
1271,692,,,1681386741,11.5,0.0,7.143999999999977,8269.53728,0.036773440788376424,1450367.0,0.2256922046417588,2389.430272,2112.0,6181.462016,0.0,0.0,0.0,16.875,767888.0,49.078713508475815,21146.243072,2.654208,9992.0,2.1359999999995125,4759.420928,0.0,1952971.0,33.0,14.000000000000002,28448.432128,857.0,0.006721110999933444,0.0007453089992850437,0.02342715299982956,,,,,,,,,,,
1272,693,,,1681386742,,,,,,,,,,,,,,,,,,,,,,,,,,,,,,,3.0,0.1104768969998986,18573.0,7.3302001953125,0.36192047400072624,0.5075748039998871,2.0,0.0001,0.00428386000021419,0.0,580.0
1273,693,,,1681386742,11.5,0.0,7.1559999999999775,8270.176256,0.008172421903019237,1451451.0,0.2132331722193846,2389.450752,2114.0,6181.482496,0.0,0.0,0.0,16.5,768822.0,37.537027175947685,21145.751552,2.654208,10004.0,2.13799999999992,4759.420928,0.0,1954485.0,33.0,14.000000000000002,28448.432128,859.0,0.006733043000167527,0.0006099219999669003,0.02411249200031307,,,,,,,,,,,
1274,694,,,1681386743,,,,,,,,,,,,,,,,,,,,,,,,,,,,,,,3.0,0.10933031300010043,18605.0,7.1925048828125,0.3627921540000898,0.5084404240005824,2.0,0.0001,0.004862499999944703,0.0,581.0
1275,694,,,1681386743,11.5,0.0,7.163999999999987,8270.495744,0.008169740334748848,1452573.0,0.19463768093062114,2389.430272,2116.0,6181.462016,0.0,0.0,0.0,16.5,769768.0,35.22216800723682,21145.288704,2.654208,10023.0,2.138999999999214,4759.420928,0.0,1956024.0,33.0,14.000000000000002,28448.432128,861.0,0.006962798000131443,0.0007367360003627255,0.02441040800022165,,,,,0.362782801999856,,,,,,
1276,695,,,1681386744,,,,,,,,,,,,,,,,,,,,,,,,,,,,,,,3.0,0.11006036999970092,18637.0,7.3580322265625,,0.5093222920004337,2.0,0.0001,0.0043691780001609,0.0,582.0
1277,695,,,1681386744,11.5,0.0,7.171999999999997,8270.364672,0.008171718307785675,1453762.0,0.18727120461343172,2389.450752,2118.0,6181.482496,0.0,0.0,0.0,16.5,770680.0,27.664386723732317,21145.567232,2.654208,10045.0,2.139999999999418,4759.420928,0.0,1957536.0,33.0,14.000000000000002,28448.432128,862.0,0.0069092020003154175,0.0006544330008182442,0.026248272999509936,,0.10895305499980168,,,0.36037779899925226,,,,,,
1278,696,,,1681386745,,,,,,,,,,,,,,,,,,,,,,,,,,,,,,,3.0,,18669.0,7.240234375,,0.5078539429996454,2.0,0.0001,0.004711180999947828,0.0,583.0
1279,696,,,1681386745,11.5,0.0,7.1839999999999975,8271.630336,0.00817140347843854,1455071.0,0.28481809852781254,2389.430272,2120.0,6181.462016,0.0,0.0,0.0,16.5,771773.0,28.212353037037204,21144.297472,2.654208,10064.0,2.1419999999998254,4759.420928,0.0,1959258.0,33.0,14.000000000000002,28448.432128,863.0,0.0069208830000206945,0.0006395070004145964,0.02539255800002138,,0.10942008300025918,,,0.36457501299992146,,,,,,
1280,697,,,1681386746,,,,,,,,,,,,,,,,,,,,,,,,,,,,,,,3.0,,18701.0,7.16650390625,,0.5113888450005106,2.0,0.0001,0.004440800999873318,0.0,584.0
1281,697,,,1681386746,11.5,0.0,7.191999999999979,8271.351808,0.0367709133836715,1456546.0,0.2703555871257373,2389.450752,2124.0,6181.482496,0.0,0.0,0.0,16.5,772830.0,31.206926776311562,21144.576,2.654208,10095.0,2.144999999999527,4759.420928,0.0,1961051.0,33.0,14.000000000000002,28448.432128,865.0,0.007030979999399278,0.0008352759996341774,0.025786285000322096,,0.10782598500009044,,,0.3590190219993019,,,,,,
1282,698,,,1681386747,,,,,,,,,,,,,,,,,,,,,,,,,,,,,,,3.0,,18733.0,7.438232421875,,0.5048668739991626,2.0,0.0001,0.0043693260004147305,0.0,585.0
1283,698,,,1681386747,,,,,,,,,,,,,,,,,,,,,,,,,,,,0.006988946000092255,0.0007130320000214851,0.025958573000025353,3.0,0.10978185200019652,18765.0,7.189208984375,0.36439828899983695,0.5123555330001182,2.0,0.0001,0.004514840999945591,0.0,586.0
1284,698,,,1681386747,11.5,0.0,7.203999999999979,8270.589952,0.012258411265267024,1457863.0,0.2238995625192654,2380.8,2127.0,6172.831744,0.0,0.0,0.0,16.125,773888.0,37.129562529761685,21164.466176,2.654208,10119.0,2.1479999999992287,4759.420928,0.0,1962757.0,32.9,14.000000000000002,28448.432128,866.0,,,,,,,,,,,,,,
1285,699,,,1681386748,,,,,,,,,,,,,,,,,,,,,,,,,,,,0.006902975999764749,0.0005933339998591691,0.02571858200008137,3.0,0.11053106800045498,18797.0,7.6502685546875,0.3647513349997098,0.5126239390001501,2.0,0.0001,0.004126644000280066,0.0,587.0
1286,699,,,1681386748,11.5,0.0,7.21599999999998,8267.776,0.008172396630060412,1459265.0,0.1994415935855318,2389.430272,2129.0,6181.462016,0.0,0.0,0.0,16.125,774878.0,38.12219517256219,21167.276032,2.654208,10131.0,2.149999999999636,4759.420928,0.0,1964506.0,32.9,14.000000000000002,28448.432128,868.0,0.006890460000249732,0.0005996439995215042,0.02591962600035913,,,,,,,,,,,
1287,700,,,1681386749,,,,,,,,,,,,,,,,,,,,,,,,,,,,,,,3.0,0.1094016079996436,18829.0,7.3253173828125,0.36072603600041475,0.5082804479998231,2.0,0.0001,0.004743073999634362,0.0,588.0
1288,700,,,1681386749,11.5,0.0,7.22799999999998,8270.802944,0.07354135456213785,1460498.0,0.21819822039978962,2389.450752,2134.0,6181.482496,0.0,0.0,0.0,16.125,775953.0,40.69514112461451,21145.120768,2.654208,10151.0,2.1539999999995416,4759.420928,0.0,1966148.0,33.0,14.000000000000002,28448.432128,870.0,0.00695493099919986,0.0006575030001840787,0.024164251999536646,,,,,,,,,,,
1289,701,,,1681386750,,,,,,,,,,,,,,,,,,,,,,,,,,,,,,,3.0,0.1102323429995522,18861.0,7.38916015625,0.36256013499951223,0.5087252229977821,2.0,0.0001,0.0041560589997970965,0.0,589.0
1290,701,,,1681386750,11.5,0.0,7.23599999999999,8270.635008,0.008171982624069275,1461776.0,0.185162442288956,2389.430272,2136.0,6181.462016,0.0,0.0,0.0,16.125,777015.0,36.64773491591663,21145.288704,2.654208,10170.0,2.155999999999949,4759.420928,0.0,1967858.0,33.0,14.000000000000002,28448.432128,871.0,0.006686756999442878,0.000611231999755546,0.02454369699989911,,,,,,,,,,,
1291,702,,,1681386751,,,,,,,,,,,,,,,,,,,,,,,,,,,,,,,3.0,0.10861103199931676,18893.0,7.412353515625,0.36052661100075056,0.505115257999023,2.0,0.0001,0.004135928999858152,0.0,590.0
1292,702,,,1681386751,11.5,0.0,7.2479999999999905,8271.577088,0.008172738754799734,1462944.0,0.18996828887904457,2389.450752,2138.0,6181.482496,0.0,0.0,0.0,16.125,778004.0,38.29867492174035,21144.342528,2.654208,10190.0,2.157999999999447,4759.420928,0.0,1969436.0,33.0,14.000000000000002,28448.432128,873.0,0.007027859000118042,0.000670723000439466,0.026246755000101984,,,,,0.36345751199951337,,,,,,
1293,703,,,1681386752,,,,,,,,,,,,,,,,,,,,,,,,,,,,,,,3.0,0.10853684900030203,18925.0,7.2991943359375,,0.51026041500063,2.0,0.0001,0.004320717000155128,0.0,591.0
1294,703,,,1681386752,11.625,0.0,7.259999999999991,8271.642624,0.008171032321911336,1464060.0,0.2480035981785858,2389.426176,2140.0,6181.45792,0.0,0.0,0.0,15.875,778871.0,25.476305274226586,21144.133632,2.654208,10214.0,2.1589999999996508,4759.420928,0.0,1970871.0,33.0,14.000000000000002,28448.432128,875.0,0.0066984909999519004,0.0006525809994855081,0.024400537000474287,,0.10914528400007839,,,0.36643702300079894,,,,,,
1295,704,,,1681386753,,,,,,,,,,,,,,,,,,,,,,,,,,,,,,,3.0,,18957.0,7.1787109375,,0.5119440920007037,2.0,0.0001,0.004610175999914645,0.0,592.0
1296,704,,,1681386753,11.625,0.0,7.271999999999991,8270.815232,0.008172394686272304,1465382.0,0.2533043310662059,2389.446656,2142.0,6181.4784,0.0,0.0,0.0,15.875,779898.0,37.086734121146975,21144.961024,2.654208,10232.0,2.1609999999991487,4759.420928,0.0,1972590.0,33.0,14.000000000000002,28448.432128,875.0,0.0068461760001810035,0.0005805999999211053,0.026042191000669845,,0.1090065529997446,,,0.3627017540002271,,,,,,
1297,705,,,1681386754,,,,,,,,,,,,,,,,,,,,,,,,,,,,,,,3.0,,18989.0,7.193603515625,,0.509636312001021,2.0,0.0001,0.00445903800027736,0.0,593.0
1298,705,,,1681386754,11.625,0.0,7.2879999999999825,8271.945728,0.03268901895472169,1467006.0,0.26646019649007824,2389.426176,2146.0,6181.45792,0.0,0.0,0.0,15.875,780877.0,23.52427420412204,21143.98208,2.654208,10244.0,2.1649999999999636,4759.420928,0.0,1974382.0,33.0,14.000000000000002,28448.432128,877.0,0.006869433999781904,0.0006091550003475277,0.026314605999687046,,0.10827981299917155,,,0.3630810280001242,,,,,,
1299,706,,,1681386755,,,,,,,,,,,,,,,,,,,,,,,,,,,,,,,3.0,,19021.0,7.22998046875,,0.5096606699999029,2.0,0.0001,0.004506634000790655,0.0,594.0
1300,706,,,1681386755,,,,,,,,,,,,,,,,,,,,,,,,,,,,0.007011662999502732,0.0006623910003327182,0.02715752599942789,3.0,0.10986798700014333,19053.0,7.3743896484375,0.36394230899986724,0.5132704559991907,2.0,0.0001,0.0046285799999168376,0.0,595.0
1301,706,,,1681386755,11.625,0.0,7.299999999999983,8272.003072,0.008167951664376104,1468542.0,0.229460415522011,2391.085056,2148.0,6183.1168,0.0,0.0,0.0,15.875,782079.0,40.391366485305944,21143.928832,2.654208,10268.0,2.165999999999258,4759.420928,0.0,1976325.0,33.0,14.000000000000002,28467.703808,879.0,,,,,,,,,,,,,,
1302,707,,,1681386756,,,,,,,,,,,,,,,,,,,,,,,,,,,,0.007048733000374341,0.0007249889995364356,0.032007282999984454,3.0,0.10879661000035412,19085.0,7.2525634765625,0.3521118540002135,0.5068568600008803,2.0,0.0001,0.00616739100041741,0.0,596.0
1303,707,,,1681386756,11.625,0.0,7.307999999999993,8270.536704,0.012250954791147515,1470087.0,0.29545857380313284,2389.446656,2151.0,6181.4784,0.0,0.0,0.0,15.875,783158.0,34.03025716991942,21164.527616,2.654208,10301.0,2.168999999999869,4759.420928,0.0,1978165.0,32.9,14.000000000000002,28448.432128,880.0,0.006747600000380771,0.000630446999821288,0.02674432300045737,,,,,,,,,,,
1304,708,,,1681386757,,,,,,,,,,,,,,,,,,,,,,,,,,,,,,,3.0,0.10862042000007932,19117.0,7.031494140625,0.36182243399980507,0.5087963130008575,2.0,0.0001,0.004231089000313659,0.0,597.0
1305,708,,,1681386757,11.625,0.0,7.319999999999993,8270.237696,0.0081599714191744,1471166.0,0.15786038457450455,2389.426176,2153.0,6181.45792,0.0,0.0,0.0,16.625,784279.0,40.04161724606638,21145.686016,2.654208,10326.0,2.170999999999367,4759.420928,0.0,1979807.0,33.0,14.124999999999998,28448.432128,881.0,0.006726023999362951,0.0006437100000766804,0.02797740000005433,,,,,,,,,,,
1306,709,,,1681386758,,,,,,,,,,,,,,,,,,,,,,,,,,,,,,,3.0,0.10983515299994906,19149.0,7.2138671875,0.3627704719992835,0.5126872409982752,2.0,0.0001,0.004734481999548734,0.0,598.0
1307,709,,,1681386758,11.625,0.0,7.328000000000003,8271.19616,0.008164277727462818,1472256.0,0.2192395594863794,2389.446656,2155.0,6181.4784,0.0,0.0,0.0,16.625,785140.0,32.10038529902766,21144.723456,2.654208,10339.0,2.1729999999997744,4759.420928,0.0,1981252.0,33.0,14.124999999999998,28448.432128,885.0,0.007006739000644302,0.0007954019993121619,0.02675867299967649,,,,,,,,,,,
1308,710,,,1681386759,,,,,,,,,,,,,,,,,,,,,,,,,,,,,,,3.0,0.109774606999963,19181.0,7.3406982421875,0.3608075900001495,0.5098032309997507,2.0,0.0001,0.004660220000005211,0.0,599.0
1309,710,,,1681386759,11.625,0.0,7.343999999999994,8271.654912,0.03674750116446277,1473378.0,0.2063458317408223,2389.426176,2159.0,6181.45792,0.0,0.0,0.0,16.625,786079.0,27.544907705493692,21144.256512,2.654208,10354.0,2.175999999999476,4759.420928,0.0,1982753.0,33.0,14.124999999999998,28448.432128,886.0,0.006893886000398197,0.0006039810004949686,0.024784049000118102,,,,,0.3639265140000134,,,,,,
1310,711,,,1681386760,,,,,,,,,,,,,,,,,,,,,,,,,,,,,,,3.0,0.10952738200012391,19213.0,7.171142578125,,0.5101336110010379,2.0,0.0001,0.004397798999889346,0.0,600.0
1311,711,,,1681386760,11.625,0.0,7.351999999999975,8271.863808,0.008173216994807669,1474750.0,0.24552375774134655,2389.446656,2161.0,6181.4784,0.0,0.0,0.0,16.625,787067.0,30.20541642858413,21144.055808,2.654208,10376.0,2.1779999999998836,4759.420928,0.0,1984412.0,33.0,14.124999999999998,28448.432128,890.0,0.00668254500033072,0.0009267790001104004,0.025418172999707167,,0.1082191249997777,,,0.36060558000008314,,,,,,
1312,712,,,1681386761,,,,,,,,,,,,,,,,,,,,,,,,,,,,,,,3.0,,19245.0,7.239013671875,,0.506297185999756,2.0,0.0001,0.00444498399974691,0.0,601.0
1313,712,,,1681386761,11.625,0.0,7.359999999999985,8271.2576,0.008171525909190904,1475885.0,0.21320979415945118,2389.426176,2163.0,6181.45792,0.0,0.0,0.0,16.625,787960.0,28.62742481776798,21144.65792,2.654208,10392.0,2.1799999999993815,4759.420928,0.0,1985899.0,33.0,14.124999999999998,28448.432128,893.0,0.006960163000258035,0.0009612989997549448,0.025528471000143327,,0.10860932300056447,,,0.36156037199998536,,,,,,
1314,713,,,1681386762,,,,,,,,,,,,,,,,,,,,,,,,,,,,,,,3.0,,19277.0,7.2999267578125,,0.5088821100007408,2.0,0.0001,0.005262482000034652,0.0,602.0
1315,713,,,1681386762,11.625,0.0,7.371999999999986,8272.031744,0.008169720909543179,1476994.0,0.2101150096982088,2389.446656,2165.0,6181.4784,0.0,0.0,0.0,16.25,788872.0,30.053243851057616,21143.87968,2.654208,10404.0,2.181999999999789,4759.420928,0.0,1987393.0,33.0,14.124999999999998,28448.432128,895.0,0.00691895099953399,0.0008069590003287885,0.025073051000617852,,0.10879161100001511,,,0.3638602790006189,,,,,,
1316,714,,,1681386763,,,,,,,,,,,,,,,,,,,,,,,,,,,,,,,3.0,,19309.0,7.009033203125,,0.5097551710014159,2.0,0.0001,0.004304320000301232,0.0,603.0
1317,714,,,1681386763,11.625,0.0,7.3799999999999955,8273.137664,0.07763200704735455,1478385.0,0.23186656712289339,2389.426176,2170.0,6181.45792,0.0,0.0,0.0,16.25,789971.0,36.640280339335796,21142.777856,2.654208,10419.0,2.186999999999898,4759.420928,0.0,1989218.0,33.0,14.124999999999998,28448.432128,898.0,0.006932561000212445,0.0007645229998161085,0.02449511499980872,,0.10824793699975999,,,0.3654360730006374,,,,,,
1318,714,,,1681386763,,,,,,,,,,,,,,,,,,,,,,,,,,,,,,,3.0,,19341.0,7.319580078125,,0.5102959290006766,2.0,0.0001,0.004419720000441885,0.0,604.0
1319,715,,,1681386764,,,,,,,,,,,,,,,,,,,,,,,,,,,,0.006888142000207154,0.0007234349995997036,0.024433418999251444,3.0,0.10962754599950131,19373.0,7.25439453125,0.3639576190007574,0.5098385199989934,2.0,0.0001,0.00420835899967642,0.0,605.0
1320,715,,,1681386764,11.625,0.0,7.399999999999977,8270.426112,0.08573532607705314,1479913.0,0.20531983920762972,2389.426176,2176.0,6181.45792,0.0,0.0,0.0,16.25,791108.0,50.248827132838855,21164.6464,2.654208,10448.0,2.191999999999098,4759.420928,0.0,1991200.0,32.9,14.124999999999998,28448.432128,899.0,0.006864384000436985,0.0006910580004841904,0.02599889599969174,,,,,,,,,,,
1321,716,,,1681386765,,,,,,,,,,,,,,,,,,,,,,,,,,,,,,,3.0,0.10912376200030849,19405.0,7.3751220703125,0.36258530499981134,0.5096897789999275,2.0,0.0001,0.004426373999194766,0.0,606.0
1322,716,,,1681386765,11.625,0.0,7.407999999999987,8270.56128,0.008164888850636463,1481457.0,0.2318142710000577,2389.44256,2178.0,6181.474304,0.0,0.0,0.0,16.25,792447.0,56.96851059276284,21145.37472,2.654208,10459.0,2.1939999999995052,4759.420928,0.0,1993258.0,33.0,14.124999999999998,28448.432128,900.0,0.007004629999755707,0.0006477599999925587,0.02405079000072874,,,,,,,,,,,
1323,717,,,1681386766,,,,,,,,,,,,,,,,,,,,,,,,,,,,,,,3.0,0.10889343300004839,19437.0,6.8470458984375,0.3656119460001719,0.5105297500003871,2.0,0.0001,0.004321190999689861,0.0,607.0
1324,717,,,1681386766,11.625,0.0,7.415999999999997,8272.228352,0.008167654595325752,1482867.0,0.29293484646122225,2389.42208,2180.0,6181.453824,0.0,0.0,0.0,16.25,793590.0,42.60122613855994,21143.707648,2.654208,10473.0,2.1959999999999127,4759.420928,0.0,1995125.0,33.0,14.124999999999998,28448.432128,902.0,0.006815347999690857,0.0006359400003930205,0.023390068000480824,,,,,,,,,,,
1325,718,,,1681386767,,,,,,,,,,,,,,,,,,,,,,,,,,,,,,,3.0,0.10945760400045401,19469.0,7.2412109375,0.36385767700085125,0.5086115070025699,2.0,0.0001,0.004454870000699884,0.0,608.0
1326,718,,,1681386767,11.625,0.0,7.427999999999997,8272.420864,0.008169235313049273,1484092.0,0.226010191762533,2389.44256,2182.0,6181.474304,0.0,0.0,0.0,16.0,794592.0,32.56560350544932,21143.506944,2.654208,10494.0,2.1979999999994106,4759.420928,0.0,1996727.0,33.0,14.124999999999998,28448.432128,903.0,0.006801857000027667,0.0006409229999917443,0.02471849799985648,,,,,0.3612153849999231,,,,,,
1327,719,,,1681386768,,,,,,,,,,,,,,,,,,,,,,,,,,,,,,,3.0,0.10839290100011567,19501.0,7.3123779296875,,0.5060220909999771,2.0,0.0001,0.0042525270000624005,0.0,609.0
1328,719,,,1681386768,11.625,0.0,7.439999999999998,8272.687104,0.04085892192717517,1485474.0,0.20814109407483336,2389.42208,2186.0,6181.453824,0.0,0.0,0.0,16.0,795633.0,39.376301677291636,21143.228416,2.654208,10511.0,2.2009999999991123,4759.420928,0.0,1998473.0,33.0,14.124999999999998,28448.432128,905.0,0.006952521999664896,0.0006860690000394243,0.025629902000218863,,0.10821127500003058,,,0.3640002989995992,,,,,,
1329,720,,,1681386769,,,,,,,,,,,,,,,,,,,,,,,,,,,,,,,3.0,,19533.0,7.2220458984375,,0.5099776749993907,2.0,0.0001,0.004497607999837783,0.0,610.0
1330,721,,,1681386770,11.625,0.0,7.455999999999989,8271.384576,0.036776843267682546,1486632.0,0.8853258833119544,2389.44256,2190.0,6181.474304,0.0,0.0,0.0,16.0,796544.0,30.284828569987013,21144.399872,2.654208,10521.0,2.2059999999992215,4759.420928,0.0,2000007.0,33.0,14.124999999999998,28448.432128,908.0,0.006961541999771725,0.0007605569999213913,0.02474439599973266,,0.11050921900005051,,,0.3623863769998934,,,,,,
1331,721,,,1681386770,,,,,,,,,,,,,,,,,,,,,,,,,,,,,,,3.0,,19565.0,7.01171875,,0.5094623340000908,2.0,0.0001,0.004100243000721093,0.0,611.0
1332,722,,,1681386771,11.625,0.0,7.467999999999989,8271.470592,0.008172800961715448,1488373.0,0.18759930327822336,2389.42208,2192.0,6181.453824,0.0,0.0,0.0,16.0,797816.0,59.2730154915114,21144.588288,2.654208,10535.0,2.206999999999425,4759.420928,0.0,2002236.0,33.0,14.124999999999998,28448.432128,909.0,0.006897522999679495,0.0008564150002712267,0.026566493999780505,,0.1091488259999096,,,0.35955562600065605,,,,,,
1333,722,,,1681386771,,,,,,,,,,,,,,,,,,,,,,,,,,,,,,,3.0,,19597.0,7.37255859375,,0.5073945010008174,2.0,0.0001,0.00436961700052052,0.0,612.0
1334,722,,,1681386771,,,,,,,,,,,,,,,,,,,,,,,,,,,,0.006975330999921425,0.0006916350002938998,0.024556786000175634,3.0,0.10895951400016202,19629.0,7.2628173828125,0.36074501300026895,0.5062566450014856,2.0,0.0001,0.004328366000663664,0.0,613.0
1335,723,,,1681386772,11.625,0.0,7.47999999999999,8272.5888,0.01226173594194481,1489697.0,0.2578955998790969,2380.771328,2195.0,6172.803072,0.0,0.0,0.0,16.0,798798.0,29.721729466819525,21162.463232,2.654208,10549.0,2.209999999999127,4759.420928,0.0,2003866.0,32.9,14.124999999999998,28448.432128,911.0,,,,,,,,,,,,,,
1336,723,,,1681386772,,,,,,,,,,,,,,,,,,,,,,,,,,,,0.006733904999236984,0.0005981929998597479,0.02410501100075635,3.0,0.10815121900031954,19661.0,6.94287109375,0.36668726399966545,0.5103029290003178,2.0,0.0001,0.004027337000479747,0.0,614.0
1337,724,,,1681386773,11.625,0.0,7.4879999999999995,8269.914112,0.008167741968893107,1491053.0,0.22821022016794068,2389.44256,2197.0,6181.474304,0.0,0.0,0.0,15.625,799777.0,35.04394417825815,21165.133824,2.654208,10565.0,2.2109999999993306,4759.420928,0.0,2005574.0,32.9,14.000000000000002,28448.432128,911.0,0.006877369999529037,0.0006338479997793911,0.024599597999440448,,,,,,,,,,,
1338,724,,,1681386773,,,,,,,,,,,,,,,,,,,,,,,,,,,,,,,3.0,0.10874048699952255,19693.0,7.4002685546875,0.36386896499971044,0.5088269829975616,2.0,0.0001,0.004106714999579708,0.0,615.0
1339,725,,,1681386774,11.625,0.0,7.5,8270.532608,0.04493133903207331,1492423.0,0.2014730177461885,2389.42208,2201.0,6181.453824,0.0,0.0,0.0,15.625,801056.0,56.00041214423733,21145.382912,2.654208,10582.0,2.214999999999236,4759.420928,0.0,2007517.0,33.0,14.000000000000002,28448.432128,913.0,0.00687639100033266,0.0007168929996623774,0.023780455000633083,,,,,,,,,,,
1340,725,,,1681386774,,,,,,,,,,,,,,,,,,,,,,,,,,,,,,,3.0,0.10940736399970774,19725.0,7.1865234375,0.3643963750000694,0.5094936109999253,2.0,0.0001,0.00431613299952005,0.0,616.0
1341,726,,,1681386775,11.625,0.0,7.5120000000000005,8271.822848,0.00817184074797236,1493568.0,0.22042423168689232,2389.44256,2203.0,6181.474304,0.0,0.0,0.0,15.625,802059.0,41.472099770520025,21144.113152,2.654208,10597.0,2.2169999999996435,4759.420928,0.0,2009160.0,33.0,14.000000000000002,28448.432128,919.0,0.006947570000193082,0.0006074749999243068,0.024715032000131032,,,,,,,,,,,
1342,726,,,1681386775,,,,,,,,,,,,,,,,,,,,,,,,,,,,,,,3.0,0.10912768799971673,19757.0,7.105224609375,0.3646822439995958,0.5106243559994255,2.0,0.0001,0.004544346999864501,0.0,617.0
1343,727,,,1681386776,11.625,0.0,7.519999999999982,8278.818816,0.0081717960471615,1495142.0,0.24167448384849144,2389.42208,2205.0,6181.453824,0.0,0.0,0.0,15.625,803304.0,50.92131809923156,21137.12128,2.654208,10610.0,2.217999999999847,4759.420928,0.0,2011185.0,33.0,14.000000000000002,28448.432128,921.0,0.00692485299987311,0.0008105779998004436,0.026276847000190173,,,,,0.36005319800005964,,,,,,
1344,727,,,1681386776,,,,,,,,,,,,,,,,,,,,,,,,,,,,,,,3.0,0.11026659300023312,19789.0,6.969970703125,,0.5099561389997689,2.0,0.0001,0.005624069999612402,0.0,618.0
1345,728,,,1681386777,11.625,0.0,7.531999999999982,8279.22432,0.06536967320066643,1496290.0,0.225434404006789,2389.44256,2210.0,6181.474304,0.0,0.0,0.0,15.625,804179.0,28.425673628598556,21136.707584,2.654208,10625.0,2.2219999999997526,4759.420928,0.0,2012647.0,33.0,14.000000000000002,28448.432128,924.0,0.007052248000036343,0.0006957409996175556,0.02605185500033258,,0.10875846900034958,,,0.36594289200002095,,,,,,
1346,728,,,1681386777,,,,,,,,,,,,,,,,,,,,,,,,,,,,,,,3.0,,19821.0,7.15380859375,,0.5128750690009838,2.0,0.0001,0.0043738640006267815,0.0,619.0
1347,729,,,1681386778,11.625,0.0,7.539999999999992,8279.59296,0.008170338679953017,1497572.0,0.2360860851369509,2389.42208,2212.0,6181.453824,0.0,0.0,0.0,15.375,805207.0,25.85687188371893,21136.34304,2.654208,10636.0,2.2239999999992506,4759.420928,0.0,2014278.0,33.0,14.000000000000002,28448.436224,927.0,0.0070136889999048435,0.0007412020004267106,0.02623572399988916,,0.10852116100068088,,,0.3637466089994632,,,,,,
1348,729,,,1681386778,,,,,,,,,,,,,,,,,,,,,,,,,,,,,,,3.0,,19853.0,7.3563232421875,,0.5109598210001423,2.0,0.0001,0.004701435999777459,0.0,620.0
1349,730,,,1681386779,11.625,0.0,7.5519999999999925,8279.57248,0.008172248908428667,1498770.0,0.2623499397755013,2389.438464,2214.0,6181.470208,0.0,0.0,0.0,15.375,806121.0,28.018307976583106,21136.355328,2.654208,10652.0,2.225999999999658,4759.420928,0.0,2015816.0,33.0,14.000000000000002,28448.432128,930.0,0.0068234780001148465,0.0007383419997495366,0.025520310000501922,,0.1092195229994104,,,0.3652200160004213,,,,,,
1350,730,,,1681386779,,,,,,,,,,,,,,,,,,,,,,,,,,,,,,,3.0,,19885.0,7.349609375,,0.5117658330000268,2.0,0.0001,0.004244163999828743,0.0,621.0
1351,731,,,1681386780,11.625,0.0,7.563999999999993,8279.379968,0.00817275624676963,1499861.0,0.19636164256280356,2389.417984,2216.0,6181.449728,0.0,0.0,0.0,15.375,807091.0,26.23122737789013,21136.551936,2.654208,10662.0,2.227999999999156,4759.420928,0.0,2017317.0,33.0,14.000000000000002,28448.432128,931.0,0.006884121000439336,0.0008262410001407261,0.026124177000383497,,0.10924156700002641,,,0.360686466999141,,,,,,
1352,731,,,1681386780,,,,,,,,,,,,,,,,,,,,,,,,,,,,,,,3.0,,19917.0,7.4100341796875,,0.5081919379999817,2.0,0.0001,0.0044293649998508045,0.0,622.0
1353,731,,,1681386780,,,,,,,,,,,,,,,,,,,,,,,,,,,,0.007153636000111874,0.0006641869995291927,0.026010886000221944,3.0,0.10900203199980751,19949.0,7.2857666015625,0.36358408799969766,0.5108072859993626,2.0,0.0001,0.004392456999994465,0.0,623.0
1354,732,,,1681386781,11.625,0.0,7.572000000000003,8277.7088,0.012257183922467633,1501295.0,0.22327864982697096,2389.417984,2219.0,6181.449728,0.0,0.0,0.0,15.375,808155.0,36.63813518807022,21157.35552,2.654208,10683.0,2.230999999999767,4759.420928,0.0,2019106.0,33.0,14.000000000000002,28448.432128,932.0,0.006882833999952709,0.0007280090003405348,0.025595703999897523,,,,,,,,,,,
1355,732,,,1681386781,,,,,,,,,,,,,,,,,,,,,,,,,,,,,,,3.0,0.10798995299956005,19981.0,7.16455078125,0.36576087799949164,0.5120684029989206,2.0,0.0001,0.005111024999678193,0.0,624.0
1356,733,,,1681386782,11.625,0.0,7.587999999999994,8278.994944,0.03268712198941403,1502726.0,0.1997617279375817,2389.438464,2223.0,6181.470208,0.0,0.0,0.0,15.375,809511.0,63.69712170131675,21136.932864,2.654208,10704.0,2.233999999999469,4759.420928,0.0,2021188.0,33.0,14.000000000000002,28448.432128,933.0,0.006998546999966493,0.0006667260004178388,0.025383387999681872,,,,,,,,,,,
1357,733,,,1681386782,,,,,,,,,,,,,,,,,,,,,,,,,,,,,,,3.0,0.10932452899942291,20013.0,6.9140625,0.36365277000004426,0.5107558849995257,2.0,0.0001,0.004729924999992363,0.0,625.0
1358,734,,,1681386783,11.625,0.0,7.599999999999994,8279.744512,0.0081709060197879,1503800.0,0.21723917614355098,2389.417984,2225.0,6181.449728,0.0,0.0,0.0,15.25,810459.0,38.101533219952465,21136.1792,2.654208,10715.0,2.2359999999998763,4759.420928,0.0,2022720.0,33.0,14.000000000000002,28448.432128,936.0,0.006809772999986308,0.0006417770000552991,0.025786961000449082,,,,,,,,,,,
1359,734,,,1681386783,,,,,,,,,,,,,,,,,,,,,,,,,,,,,,,3.0,0.10907246399983705,20045.0,7.2088623046875,0.36152047900031903,0.5082051250001314,2.0,0.0001,0.004373670999484602,0.0,626.0
1360,735,,,1681386784,11.625,0.0,7.607999999999976,8280.588288,0.008171183889613678,1504945.0,0.18275842246624893,2389.438464,2227.0,6181.470208,0.0,0.0,0.0,15.25,811419.0,33.60482362723491,21135.331328,2.654208,10730.0,2.2379999999993743,4759.420928,0.0,2024259.0,33.0,14.000000000000002,28448.432128,938.0,0.007302410000193049,0.0010468089994901675,0.027806807000160916,,,,,0.36240773200006515,,,,,,
1361,735,,,1681386784,,,,,,,,,,,,,,,,,,,,,,,,,,,,,,,3.0,0.10933699700035504,20077.0,6.91943359375,,0.5129665240001486,2.0,0.0001,0.0050657689998843125,0.0,627.0
1362,736,,,1681386785,11.625,0.0,7.619999999999976,8280.33024,0.008170711716452917,1506697.0,0.3066490448323976,2389.417984,2229.0,6181.449728,0.0,0.0,0.0,15.25,812507.0,28.505666247313226,21135.745024,2.654208,10747.0,2.238999999999578,4759.420928,0.0,2026278.0,33.0,14.000000000000002,28448.432128,940.0,0.006915844999639376,0.0007460639999408158,0.02476934800051822,,0.10969824799940397,,,0.36352321699996537,,,,,,
1363,736,,,1681386785,,,,,,,,,,,,,,,,,,,,,,,,,,,,,,,3.0,,20109.0,7.2698974609375,,0.5102254959992933,2.0,0.0001,0.004572773999825586,0.0,628.0
1364,737,,,1681386786,11.625,0.0,7.627999999999986,8279.18336,0.008172068142996095,1508139.0,0.2298633582060796,2389.438464,2231.0,6181.470208,0.0,0.0,0.0,15.25,813629.0,46.725914463637835,21136.75264,2.654208,10756.0,2.2409999999999854,4759.420928,0.0,2028147.0,33.0,14.000000000000002,28448.432128,942.0,0.006947920999664348,0.0006887050003570039,0.02543874599996343,,0.10884627500036004,,,0.36486261200025183,,,,,,
1365,737,,,1681386786,,,,,,,,,,,,,,,,,,,,,,,,,,,,,,,3.0,,20141.0,7.3988037109375,,0.5112969250003516,2.0,0.0001,0.004512665999754972,0.0,629.0
1366,738,,,1681386787,11.625,0.0,7.639999999999986,8278.99904,0.008171131423234236,1509272.0,0.2337789426570404,2389.417984,2233.0,6181.449728,0.0,0.0,0.0,15.25,814480.0,27.31129659212587,21137.076224,2.654208,10765.0,2.243999999999687,4759.420928,0.0,2029596.0,33.0,14.000000000000002,28448.432128,944.0,0.006865096000183257,0.0006617470007768134,0.02505581399964285,,0.10930801900030929,,,0.3590683860002173,,,,,,
1367,738,,,1681386787,,,,,,,,,,,,,,,,,,,,,,,,,,,,,,,3.0,,20173.0,7.2930908203125,,0.5053498500010392,2.0,0.0001,0.004390787999909662,0.0,630.0
1368,739,,,1681386788,11.625,0.0,7.651999999999987,8279.6544,0.03676967167374735,1510756.0,0.26784088528810146,2389.438464,2237.0,6181.470208,0.0,0.0,0.0,15.0,815515.0,29.344145002488,21136.269312,2.654208,10787.0,2.246999999999389,4759.420928,0.0,2031335.0,33.0,14.000000000000002,28448.432128,945.0,0.007025209999483195,0.0008188120000340859,0.025355312999636226,,0.10962556100002985,,,0.362151456999527,,,,,,
1369,739,,,1681386788,,,,,,,,,,,,,,,,,,,,,,,,,,,,,,,3.0,,20205.0,7.3798828125,,0.5094666429986319,2.0,0.0001,0.004490289999921515,0.0,631.0
1370,739,,,1681386788,,,,,,,,,,,,,,,,,,,,,,,,,,,,0.006890340000609285,0.0006727559994033072,0.026380095000604342,3.0,0.10955523299980996,20237.0,7.2392578125,0.35991828100031853,0.5083806370003003,2.0,0.0001,0.004963931999554916,0.0,632.0
1371,740,,,1681386789,11.625,0.0,7.667999999999978,8277.164032,0.01225760661373645,1512080.0,0.22417215321611372,2389.438464,2240.0,6181.470208,0.0,0.0,0.0,15.0,816513.0,27.665122855486864,21158.039552,2.654208,10811.0,2.2489999999997963,4759.420928,0.0,2033010.0,33.0,14.000000000000002,28448.432128,945.0,0.006685219000246434,0.0006990429992583813,0.023402490000080434,,,,,,,,,,,
1372,740,,,1681386789,,,,,,,,,,,,,,,,,,,,,,,,,,,,,,,3.0,0.1091292010005418,20269.0,7.370849609375,0.36172608400011086,0.5061055080004735,2.0,0.0001,0.004463471000235586,0.0,633.0
1373,741,,,1681386790,11.625,0.0,7.679999999999978,8276.312064,0.07355024016497039,1513330.0,0.22955719491102533,2389.417984,2245.0,6181.449728,0.0,0.0,0.0,15.0,817813.0,41.371794613911945,21139.472384,2.654208,10839.0,2.2529999999997017,4759.420928,0.0,2034927.0,33.0,14.000000000000002,28448.432128,946.0,0.006860167000013462,0.0006116940003266791,0.02436024999951769,,,,,,,,,,,
1374,741,,,1681386790,,,,,,,,,,,,,,,,,,,,,,,,,,,,,,,3.0,0.10928742000032798,20301.0,7.1942138671875,0.3650883109994538,0.5104199449997395,2.0,0.0001,0.004212103000099887,0.0,634.0
1375,742,,,1681386791,11.625,0.0,7.687999999999988,8279.126016,0.008172217809054234,1514500.0,0.1786555349830995,2389.438464,2247.0,6181.470208,0.0,0.0,0.0,15.0,819024.0,46.24661249772182,21136.928768,2.654208,10851.0,2.2549999999991996,4759.420928,0.0,2036701.0,33.0,14.000000000000002,28448.432128,948.0,0.0069334750005509704,0.0008009670000319602,0.023845512999287166,,,,,,,,,,,
1376,742,,,1681386791,,,,,,,,,,,,,,,,,,,,,,,,,,,,,,,3.0,0.10956516899932467,20333.0,7.273681640625,0.363738492000266,0.5093157969995445,2.0,0.0001,0.004432181000083801,0.0,635.0
1377,743,,,1681386792,11.625,0.0,7.699999999999989,8278.97856,0.008169353794154668,1515616.0,0.2471389080277537,2389.413888,2249.0,6181.445632,0.0,0.0,0.0,15.0,820014.0,30.278920023193514,21136.941056,2.654208,10869.0,2.256999999999607,4759.420928,0.0,2038233.0,33.0,14.000000000000002,28448.432128,950.0,0.006801849999646947,0.0008173269998223986,0.02406567499929224,,,,,0.3640966880002452,,,,,,
1378,743,,,1681386792,,,,,,,,,,,,,,,,,,,,,,,,,,,,,,,3.0,0.10795788299947162,20365.0,7.0396728515625,,0.5081091959991682,2.0,0.0001,0.004369773000689747,0.0,636.0
1379,744,,,1681386793,11.625,0.0,7.707999999999998,8280.22784,0.00817291954264221,1516924.0,0.2528496984278472,2389.434368,2251.0,6181.466112,0.0,0.0,0.0,14.75,820993.0,31.7334193266101,21135.548416,2.654208,10893.0,2.257999999999811,4759.420928,0.0,2039861.0,33.0,14.000000000000002,28448.432128,952.0,0.006846219000181009,0.0009742109996295767,0.025100025000028836,,0.10809881699969992,,,0.3641458820002299,,,,,,
1380,744,,,1681386793,,,,,,,,,,,,,,,,,,,,,,,,,,,,,,,3.0,,20397.0,7.2625732421875,,0.5101745490001122,2.0,0.0001,0.00500939500034292,0.0,637.0
1381,745,,,1681386794,11.625,0.0,7.71599999999998,8280.30976,0.008171702760087999,1518138.0,0.19324800194736788,2389.413888,2253.0,6181.445632,0.0,0.0,0.0,14.75,821899.0,30.986115299962535,21135.601664,2.654208,10910.0,2.259999999999309,4759.420928,0.0,2041419.0,33.0,14.000000000000002,28448.432128,953.0,0.006813966999288823,0.0008095550001598895,0.02423374799946032,,0.10946977799994784,,,0.3636369010000635,,,,,,
1382,745,,,1681386794,,,,,,,,,,,,,,,,,,,,,,,,,,,,,,,3.0,,20429.0,7.3721923828125,,0.5095614959991508,2.0,0.0001,0.004597547000230406,0.0,638.0
1383,746,,,1681386795,11.625,0.0,7.7239999999999895,8280.805376,0.008171512305592803,1519260.0,0.2329040606598499,2389.434368,2255.0,6181.466112,0.0,0.0,0.0,14.75,822783.0,28.462901534982286,21135.110144,2.654208,10922.0,2.2619999999997162,4759.420928,0.0,2042940.0,33.0,14.000000000000002,28448.432128,956.0,0.0073735509995458415,0.000678751999657834,0.028779570000551757,,0.10833737499979179,,,0.3617144340005325,,,,,,
1384,746,,,1681386795,,,,,,,,,,,,,,,,,,,,,,,,,,,,,,,3.0,,20461.0,7.1441650390625,,0.5123174729997118,2.0,0.0001,0.005433790999632038,0.0,639.0
1385,747,,,1681386796,11.625,0.0,7.731999999999999,8280.735744,0.0980675233558123,1520350.0,0.1854567958916408,2389.413888,2260.0,6181.445632,0.0,0.0,0.0,14.75,823614.0,21.028668194793845,21135.200256,2.654208,10939.0,2.264999999999418,4759.420928,0.0,2044312.0,33.0,14.000000000000002,28448.432128,959.0,0.006985905999499664,0.0007038240000838414,0.024959661000139022,,0.10843035800007783,,,0.36507566000000224,,,,,,
1386,747,,,1681386796,,,,,,,,,,,,,,,,,,,,,,,,,,,,,,,3.0,,20493.0,7.1376953125,,0.5110657689992877,2.0,0.0001,0.004910359999485081,0.0,640.0
1387,747,,,1681386796,,,,,,,,,,,,,,,,,,,,,,,,,,,,0.007079810000504949,0.0006480660003944649,0.025211502999809454,3.0,0.10897235699940211,20525.0,7.040283203125,0.3645106300000407,0.5105643340002644,2.0,0.0001,0.0041419680001126835,0.0,641.0
1388,748,,,1681386797,11.625,0.0,7.744,8277.712896,0.012257772779485487,1521793.0,0.20321088937941387,2389.413888,2263.0,6181.445632,0.0,0.0,0.0,14.75,824784.0,45.37722143444057,21157.494784,2.654208,10960.0,2.2669999999998254,4759.420928,0.0,2046267.0,33.0,14.000000000000002,28448.432128,959.0,0.006761206000192033,0.000735497999812651,0.024319996000485844,,,,,,,,,,,
1389,748,,,1681386797,,,,,,,,,,,,,,,,,,,,,,,,,,,,,,,3.0,0.11062602600031823,20557.0,7.2586669921875,0.3623170549999486,0.5090740260002349,2.0,0.0001,0.004314244999477523,0.0,642.0
1390,749,,,1681386798,11.75,0.0,7.756,8277.090304,0.00817242384682029,1523273.0,0.29821366154441664,2389.434368,2265.0,6181.466112,0.0,0.0,0.0,15.625,826067.0,42.96475459355928,21138.8416,2.654208,10983.0,2.2689999999993233,4759.420928,0.0,2048211.0,33.0,14.124999999999998,28448.432128,959.0,0.007152728999244573,0.000727762000678922,0.024707891000616655,,,,,,,,,,,
1391,749,,,1681386798,,,,,,,,,,,,,,,,,,,,,,,,,,,,,,,3.0,0.10946036000041204,20589.0,7.469970703125,0.3636115589997644,0.5100640570008181,2.0,0.0001,0.004403756000101566,0.0,643.0
1392,750,,,1681386799,11.75,0.0,7.768000000000001,8278.13888,0.01634368537936491,1524446.0,0.21937088253481266,2389.413888,2268.0,6181.445632,0.0,0.0,0.0,15.625,827125.0,36.31998626642573,21137.793024,2.654208,11000.0,2.270999999999731,4759.420928,0.0,2049861.0,33.0,14.124999999999998,28448.432128,963.0,0.007061938999868289,0.0006778999995731283,0.025244758000553702,,,,,,,,,,,
1393,750,,,1681386799,,,,,,,,,,,,,,,,,,,,,,,,,,,,,,,3.0,0.10932604200024798,20621.0,7.3472900390625,0.36349443400013115,0.5106884030001311,2.0,0.0001,0.004883329999756825,0.0,644.0
1394,751,,,1681386800,11.75,0.0,7.780000000000001,8278.626304,0.008169891858151606,1525581.0,0.8572482426591493,2389.434368,2270.0,6181.466112,0.0,0.0,0.0,15.625,828075.0,32.49142056299575,21137.3056,2.654208,11014.0,2.2729999999992287,4759.420928,0.0,2051412.0,33.0,14.124999999999998,28448.432128,963.0,0.006695075000607176,0.0009082529995794175,0.024550338000153715,,,,,0.36457038200023817,,,,,,
1395,751,,,1681386800,,,,,,,,,,,,,,,,,,,,,,,,,,,,,,,3.0,0.10804636099965137,20653.0,7.0859375,,0.5095241540002462,2.0,0.0001,0.004753745000016352,0.0,645.0
1396,752,,,1681386801,11.75,0.0,7.792000000000002,8278.351872,0.040859961724711374,1526983.0,0.22440259055182485,2389.413888,2274.0,6181.445632,0.0,0.0,0.0,15.625,829018.0,27.076061127488636,21137.559552,2.654208,11029.0,2.274999999999636,4759.420928,0.0,2053041.0,33.0,14.124999999999998,28448.432128,965.0,0.006780293999327114,0.0009314129993072129,0.023849783000514435,,0.10941605500011065,,,0.369232312999884,,,,,,
1397,752,,,1681386801,,,,,,,,,,,,,,,,,,,,,,,,,,,,,,,3.0,,20685.0,7.118408203125,,0.5148394519992507,2.0,0.0001,0.004629594000107318,0.0,646.0
1398,753,,,1681386802,11.75,0.0,7.804000000000002,8278.40512,0.008171796043532494,1528136.0,0.1909997720424212,2389.434368,2276.0,6181.466112,0.0,0.0,0.0,15.625,830004.0,32.104951696070756,21137.502208,2.654208,11045.0,2.276999999999134,4759.420928,0.0,2054612.0,33.0,14.124999999999998,28448.432128,967.0,0.0068830090003757505,0.0007074189998093061,0.023997972999495687,,0.10960927399992215,,,0.3620609709996643,,,,,,
1399,753,,,1681386802,,,,,,,,,,,,,,,,,,,,,,,,,,,,,,,3.0,,20717.0,6.9359130859375,,0.5078959559996292,2.0,0.0001,0.004637310000362049,0.0,647.0
1400,754,,,1681386803,11.75,0.0,7.8160000000000025,8278.87616,0.00817179216015758,1529235.0,0.23449212969837405,2389.413888,2278.0,6181.445632,0.0,0.0,0.0,15.375,830870.0,27.586286492790723,21137.031168,2.654208,11062.0,2.2789999999995416,4759.420928,0.0,2056067.0,33.0,14.124999999999998,28448.432128,968.0,0.0068666209999719285,0.0007584040004076087,0.024117040000419365,,0.11033400900032575,,,0.36397442199995567,,,,,,
1401,754,,,1681386803,,,,,,,,,,,,,,,,,,,,,,,,,,,,,,,3.0,,20749.0,7.0987548828125,,0.5104549520010551,2.0,0.0001,0.0044044559999747435,0.0,648.0
1402,755,,,1681386804,11.75,0.0,7.828000000000003,8278.900736,0.07354500999097405,1530380.0,0.16184530679726555,2389.434368,2284.0,6181.466112,0.0,0.0,0.0,15.375,831760.0,28.737912157792735,21136.9984,2.654208,11073.0,2.2839999999996508,4759.420928,0.0,2057556.0,33.0,14.124999999999998,28448.432128,970.0,0.006763886999578972,0.0006619699997827411,0.02404833799937478,,0.10829041200031497,,,0.3619785350001621,,,,,,
1403,755,,,1681386804,,,,,,,,,,,,,,,,,,,,,,,,,,,,,,,3.0,,20781.0,7.172607421875,,0.5060749549993488,2.0,0.0001,0.004331813000135298,0.0,649.0
1404,755,,,1681386804,,,,,,,,,,,,,,,,,,,,,,,,,,,,0.006886213000143471,0.0007301939995159046,0.024172962000193365,3.0,0.11017991500011703,20813.0,7.187255859375,0.36623839999992924,0.5123661319994426,2.0,0.0001,0.004158447999543569,0.0,650.0
1405,756,,,1681386805,11.75,0.0,7.840000000000003,8277.733376,0.012257405467359142,1531725.0,0.25306435034257685,2389.430272,2287.0,6181.462016,0.0,0.0,0.0,15.375,832813.0,29.709229640880825,21157.31456,2.654208,11099.0,2.2859999999991487,4759.420928,0.0,2059263.0,33.0,14.124999999999998,28448.432128,970.0,0.007071340000038617,0.0008022619995244895,0.024458092000713805,,,,,,,,,,,
1406,756,,,1681386805,,,,,,,,,,,,,,,,,,,,,,,,,,,,,,,3.0,0.11006163299953187,20845.0,7.0648193359375,0.36405740899954253,0.5108652739991157,2.0,0.0001,0.004414537999764434,0.0,651.0
1407,757,,,1681386806,11.75,0.0,7.8559999999999945,8277.1968,0.020430257826762475,1533175.0,0.24537058873938872,2389.409792,2291.0,6181.441536,0.0,0.0,0.0,15.375,834167.0,51.68392357340957,21138.7392,2.654208,11115.0,2.2899999999999636,4759.420928,0.0,2061341.0,33.0,14.124999999999998,28448.432128,970.0,0.0069445110002561705,0.0007200970003395923,0.025265855999350606,,,,,,,,,,,
1408,757,,,1681386806,,,,,,,,,,,,,,,,,,,,,,,,,,,,,,,3.0,0.10937882399957743,20877.0,7.296142578125,0.36136439299934864,0.5082496319982965,2.0,0.0001,0.004575950999424094,0.0,652.0
1409,758,,,1681386807,11.75,0.0,7.863999999999976,8278.921216,0.008171106158255732,1534218.0,0.1987158757149122,2389.430272,2293.0,6181.462016,0.0,0.0,0.0,15.375,835070.0,35.735127875028475,21137.010688,2.654208,11132.0,2.2919999999994616,4759.420928,0.0,2062804.0,33.0,14.124999999999998,28448.432128,972.0,0.006482322000010754,0.0007702069997321814,0.027964415000496956,,,,,,,,,,,
1410,758,,,1681386807,,,,,,,,,,,,,,,,,,,,,,,,,,,,,,,3.0,0.10984662500050035,20909.0,7.45166015625,0.3627914239996244,0.5126641229999223,2.0,0.0001,0.004809129999557626,0.0,653.0
1411,759,,,1681386808,11.75,0.0,7.871999999999986,8280.571904,0.008170709773466235,1535484.0,0.28465029336755093,2389.409792,2295.0,6181.441536,0.0,0.0,0.0,15.125,836078.0,28.74317657591511,21135.36,2.654208,11144.0,2.293999999999869,4759.420928,0.0,2064422.0,33.0,14.124999999999998,28448.432128,973.0,0.006641914999818255,0.000780183999268047,0.0246802680003384,,,,,0.3631205179999597,,,,,,
1412,759,,,1681386808,,,,,,,,,,,,,,,,,,,,,,,,,,,,,,,3.0,0.11019018499973754,20941.0,7.648681640625,,0.5097722009986683,2.0,0.0001,0.0043591309995463234,0.0,654.0
1413,760,,,1681386809,11.75,0.0,7.887999999999977,8280.403968,0.04085736718846731,1536781.0,0.26570854595258825,2389.430272,2299.0,6181.462016,0.0,0.0,0.0,15.125,837055.0,28.97077803855479,21135.384576,2.654208,11168.0,2.2969999999995707,4759.425024,0.0,2066022.0,33.0,14.124999999999998,28448.432128,977.0,0.006839194999884057,0.0006862609998279368,0.023655902999962564,,0.10810657900037768,,,0.36206476999996084,,,,,,
1414,760,,,1681386809,,,,,,,,,,,,,,,,,,,,,,,,,,,,,,,3.0,,20973.0,6.978271484375,,0.5056316660002267,2.0,0.0001,0.004278958000213606,0.0,655.0
1415,761,,,1681386810,11.75,0.0,7.899999999999977,8279.035904,0.008172075917532743,1537866.0,0.15898039491780294,2389.409792,2301.0,6181.441536,0.0,0.0,0.0,15.125,837959.0,31.15260781164945,21136.887808,2.654208,11180.0,2.298999999999978,4759.425024,0.0,2067488.0,33.0,14.124999999999998,28448.432128,980.0,0.007080168999891612,0.0006736219993399573,0.023993017000066175,,0.10983190600018133,,,0.3680196519999299,,,,,,
1416,761,,,1681386810,,,,,,,,,,,,,,,,,,,,,,,,,,,,,,,3.0,,21005.0,7.1441650390625,,0.5139581589992304,2.0,0.0001,0.004359792999821366,0.0,656.0
1417,762,,,1681386811,11.75,0.0,7.915999999999997,8279.334912,0.008172468554499728,1539148.0,0.2363710948691035,2389.430272,2303.0,6181.462016,0.0,0.0,0.0,15.125,838900.0,28.721494275767547,21136.584704,2.654208,11193.0,2.300999999999476,4759.425024,0.0,2069072.0,33.0,14.124999999999998,28448.432128,983.0,0.006937705999916943,0.0007916939994174754,0.024268827000014426,,0.11026441099966178,,,0.36157639200064295,,,,,,
1418,762,,,1681386811,,,,,,,,,,,,,,,,,,,,,,,,,,,,,,,3.0,,21037.0,7.2847900390625,,0.5082832340003733,2.0,0.0001,0.004444204000719765,0.0,657.0
1419,763,,,1681386812,11.75,0.0,7.923999999999978,8279.670784,0.008172295557934129,1540209.0,0.21392420154390424,2389.409792,2305.0,6181.441536,0.0,0.0,0.0,15.125,839763.0,23.6891065534426,21136.244736,2.654208,11209.0,2.30199999999968,4759.425024,0.0,2070470.0,33.0,14.124999999999998,28448.432128,984.0,0.006805871999858937,0.0006748629994035582,0.023723644999336102,,0.10988700100006099,,,0.3638167720000638,,,,,,
1420,763,,,1681386812,,,,,,,,,,,,,,,,,,,,,,,,,,,,,,,3.0,,21069.0,7.099609375,,0.5090456209991316,2.0,0.0001,0.004137468000408262,0.0,658.0
1421,764,,,1681386813,,,,,,,,,,,,,,,,,,,,,,,,,,,,0.007098201000189874,0.0006405269996321294,0.02417230999981257,3.0,0.11041839700010314,21101.0,7.1357421875,0.3638243859995782,0.5105057469991152,2.0,0.0001,0.004351925999799278,0.0,659.0
1422,764,,,1681386813,11.75,0.0,7.935999999999979,8276.144128,0.01225711395895793,1541616.0,0.22873562147812826,2389.409792,2308.0,6181.441536,0.0,0.0,0.0,14.875,840717.0,27.323429167301377,21158.903808,2.654208,11236.0,2.303999999999178,4759.425024,0.0,2072146.0,33.0,14.000000000000002,28448.432128,984.0,0.006988691000515246,0.0007167619996835128,0.024759163999988232,,,,,,,,,,,
1423,764,,,1681386813,,,,,,,,,,,,,,,,,,,,,,,,,,,,,,,3.0,0.1100191020004786,21133.0,7.147216796875,0.3612843860000794,0.5081081940006698,2.0,0.0001,0.004340088999924774,0.0,660.0
1424,765,,,1681386814,11.75,0.0,7.951999999999998,8277.479424,0.032689065604094,1542954.0,0.2390387922292569,2389.430272,2312.0,6181.462016,0.0,0.0,0.0,14.875,842131.0,61.45953744784735,21138.432,2.654208,11247.0,2.306999999999789,4759.425024,0.0,2074273.0,33.0,14.000000000000002,28448.432128,985.0,0.00671467499978462,0.0008898699998098891,0.024984124000184238,,,,,,,,,,,
1425,765,,,1681386814,,,,,,,,,,,,,,,,,,,,,,,,,,,,,,,3.0,0.10864044800018746,21165.0,7.1881103515625,0.3612688619996334,0.5074150640002699,2.0,0.0001,0.00491708500067034,0.0,661.0
1426,766,,,1681386815,11.75,0.0,7.9599999999999795,8278.523904,0.008172548252011039,1544677.0,0.27853704486820535,2389.409792,2314.0,6181.441536,0.0,0.0,0.0,14.875,843360.0,39.530687718529734,21137.539072,2.654208,11267.0,2.308999999999287,4759.425024,0.0,2076342.0,33.0,14.000000000000002,28448.432128,987.0,0.006932100000085484,0.0009768919999260106,0.023899316000097315,,,,,,,,,,,
1427,766,,,1681386815,,,,,,,,,,,,,,,,,,,,,,,,,,,,,,,3.0,0.10923636899951816,21197.0,7.20263671875,0.3683532099994409,0.5142356469987135,2.0,0.0001,0.004837759999645641,0.0,662.0
1428,767,,,1681386816,11.75,0.0,7.97199999999998,8279.965696,0.008171558943060245,1545926.0,0.21016228162273842,2389.430272,2316.0,6181.462016,0.0,0.0,0.0,14.875,844343.0,30.477401154908048,21135.966208,2.654208,11280.0,2.3109999999996944,4759.425024,0.0,2077978.0,33.0,14.000000000000002,28448.432128,991.0,0.006909306999659748,0.0008402650000789436,0.025325290999717254,,,,,0.3611849569997503,,,,,,
1429,767,,,1681386816,,,,,,,,,,,,,,,,,,,,,,,,,,,,,,,3.0,0.10934075600016513,21229.0,7.166259765625,,0.5086208509992503,2.0,0.0001,0.005020274999878893,0.0,663.0
1430,768,,,1681386817,11.75,0.0,7.9839999999999804,8279.83872,0.008179593039009227,1547034.0,0.19062285964464473,2389.409792,2318.0,6181.441536,0.0,0.0,0.0,14.875,845199.0,28.457634918633197,21136.093184,2.654208,11298.0,2.311999999999898,4759.425024,0.0,2079392.0,33.0,14.000000000000002,28448.432128,992.0,0.006817997000325704,0.0007876160007072031,0.024756880000495585,,0.10920161099966208,,,0.36301747699963016,,,,,,
1431,768,,,1681386817,,,,,,,,,,,,,,,,,,,,,,,,,,,,,,,3.0,,21261.0,7.212646484375,,0.5095688790006534,2.0,0.0001,0.004987297999832663,0.0,664.0
1432,769,,,1681386818,11.75,0.0,7.995999999999981,8279.20384,0.07761786677309611,1548447.0,0.26508799399503663,2389.426176,2323.0,6181.45792,0.0,0.0,0.0,14.75,846185.0,28.910517051832997,21136.73216,2.654208,11307.0,2.316999999999098,4759.425024,0.0,2081086.0,33.0,14.000000000000002,28448.432128,994.0,0.006860716000119282,0.0007731639998382889,0.023940985000081128,,0.10890860700055782,,,0.36365209900031914,,,,,,
1433,769,,,1681386818,,,,,,,,,,,,,,,,,,,,,,,,,,,,,,,3.0,,21293.0,7.161376953125,,0.5088297930005865,2.0,0.0001,0.0046942219996708445,0.0,665.0
1434,770,,,1681386819,11.75,0.0,8.00399999999999,8279.92064,0.008169794729444282,1549704.0,0.26595713600449683,2389.405696,2325.0,6181.43744,0.0,0.0,0.0,14.75,847213.0,29.41386993094908,21136.01536,2.654208,11324.0,2.3179999999993015,4759.425024,0.0,2082752.0,33.0,14.000000000000002,28448.432128,996.0,0.0068337630000314675,0.0007849789999454515,0.02664679999998043,,0.10915143200054445,,,0.361861262000275,,,,,,
1435,770,,,1681386819,,,,,,,,,,,,,,,,,,,,,,,,,,,,,,,3.0,,21325.0,7.2310791015625,,0.5099566790013341,2.0,0.0001,0.0046784430005573086,0.0,666.0
1436,771,,,1681386820,11.75,0.0,8.012,8279.846912,0.00816880220282224,1550697.0,0.16919950660761443,2389.426176,2327.0,6181.45792,0.0,0.0,0.0,14.75,848082.0,34.38977977629485,21136.089088,2.654208,11343.0,2.319999999999709,4759.425024,0.0,2084163.0,33.0,14.000000000000002,28448.432128,997.0,0.007032214999526332,0.0008203620000131195,0.02509355499933008,,0.10873712899956445,,,0.36112322400003904,,,,,,
1437,771,,,1681386820,,,,,,,,,,,,,,,,,,,,,,,,,,,,,,,3.0,,21357.0,7.170654296875,,0.5074117639978795,2.0,0.0001,0.004605278999406437,0.0,667.0
1438,772,,,1681386821,,,,,,,,,,,,,,,,,,,,,,,,,,,,0.0067895990005126805,0.0007360020008491119,0.02443127900005493,3.0,0.10939794899968547,21389.0,6.737548828125,0.3597938500006421,0.5057209300011891,2.0,0.0001,0.004572250999444805,0.0,668.0
1439,772,,,1681386821,11.75,0.0,8.027999999999992,8278.69184,0.012252836267721542,1552143.0,0.2226649861420253,2389.426176,2330.0,6181.45792,0.0,0.0,0.0,14.75,849206.0,35.757828594562646,21156.511744,2.654208,11364.0,2.3229999999994106,4759.425024,0.0,2085983.0,33.0,14.000000000000002,28448.432128,997.0,0.007083059000251524,0.0006883820005896268,0.02463769499991031,,,,,,,,,,,
1440,772,,,1681386821,,,,,,,,,,,,,,,,,,,,,,,,,,,,,,,3.0,0.11016755399941758,21421.0,7.02099609375,0.3639473680004812,0.5108327340003598,2.0,0.0001,0.004308675999709521,0.0,669.0
1441,773,,,1681386822,11.75,0.0,8.036000000000001,8277.737472,0.008172765970208837,1553457.0,0.24384213465655605,2389.405696,2332.0,6181.43744,0.0,0.0,0.0,14.75,850292.0,41.59003277770851,21142.67136,2.654208,11377.0,2.324999999999818,4759.425024,0.0,2087757.0,33.0,14.000000000000002,28448.432128,997.0,0.00664820600013627,0.0006582619998880546,0.024484507000124722,,,,,,,,,,,
1442,773,,,1681386822,,,,,,,,,,,,,,,,,,,,,,,,,,,,,,,3.0,0.10901559300054942,21453.0,7.1231689453125,0.3629812879999008,0.5081316089999746,2.0,0.0001,0.004343752999375283,0.0,670.0
1443,774,,,1681386823,11.875,0.0,8.051999999999992,8281.6,0.03268409819018356,1554549.0,0.1789965064929195,2389.426176,2336.0,6181.45792,0.0,0.0,0.0,15.5,851308.0,45.38491851593486,21134.31552,2.654208,11392.0,2.32799999999952,4759.425024,0.0,2089335.0,33.0,14.249999999999998,28448.432128,1001.0,0.007134057000257599,0.0007642319997103186,0.024934579999353446,,,,,,,,,,,
1444,774,,,1681386823,,,,,,,,,,,,,,,,,,,,,,,,,,,,,,,3.0,0.1154044459999568,21485.0,6.913818359375,0.36131897199993546,0.5141667609996148,2.0,0.0001,0.004610474000401155,0.0,671.0
1445,775,,,1681386824,11.875,0.0,8.060000000000002,8281.243648,0.008165593210814297,1557228.0,0.356271849060823,2389.397504,2338.0,6181.429248,0.0,0.0,0.0,15.5,852862.0,45.92030588166685,21134.82752,2.654208,11419.0,2.3289999999997235,4759.425024,0.0,2092125.0,33.0,14.249999999999998,28448.428032,1003.0,0.006827903999692353,0.0006585760002053576,0.024028180999266624,,,,,0.3660272690003694,,,,,,
1446,775,,,1681386824,,,,,,,,,,,,,,,,,,,,,,,,,,,,,,,3.0,0.10821652799950243,21517.0,7.095703125,,0.5106099749991699,2.0,0.0001,0.004851517000133754,0.0,672.0
1447,776,,,1681386825,11.875,0.0,8.072000000000003,8281.776128,0.008171992345668094,1559300.0,0.2915342307821188,2389.417984,2340.0,6181.449728,0.0,0.0,0.0,15.5,854168.0,34.13509036227815,21134.024704,2.654208,11448.0,2.3309999999992215,4759.425024,0.0,2094352.0,33.0,14.249999999999998,28448.428032,1004.0,0.006871725000564766,0.0006086680004955269,0.024429091999991215,,0.10947218499950395,,,0.362401528999726,,,,,,
1448,776,,,1681386825,,,,,,,,,,,,,,,,,,,,,,,,,,,,,,,3.0,,21549.0,7.0977783203125,,0.5081154740000784,2.0,0.0001,0.004332274999796937,0.0,673.0
1449,777,,,1681386826,11.875,0.0,8.084000000000003,8281.776128,0.06946720538841061,1561089.0,0.2759932708604859,2389.397504,2343.0,6181.429248,0.0,0.0,0.0,15.5,855337.0,25.944764147699328,21134.163968,2.654208,11463.0,2.3339999999998327,4759.425024,0.0,2096328.0,33.0,14.249999999999998,28448.428032,1005.0,0.007023623000350199,0.00063026899988472,0.02456359000007069,,0.10833430099955876,,,0.3649001240000871,,,,,,
1450,777,,,1681386826,,,,,,,,,,,,,,,,,,,,,,,,,,,,,,,3.0,,21581.0,7.3258056640625,,0.5096999280003729,2.0,0.0001,0.004248021000421431,0.0,674.0
1451,778,,,1681386827,11.875,0.0,8.091999999999985,8281.546752,0.008171906828327701,1562791.0,0.27828375292890456,2389.417984,2345.0,6181.449728,0.0,0.0,0.0,15.5,856651.0,42.26020215823909,21134.389248,2.654208,11476.0,2.3359999999993306,4759.425024,0.0,2098405.0,33.0,14.249999999999998,28448.428032,1006.0,0.0068762900000365335,0.0006990849997237092,0.02385172899994359,,0.10968630700062931,,,0.3638012580004215,,,,,,
1452,778,,,1681386827,,,,,,,,,,,,,,,,,,,,,,,,,,,,,,,3.0,,21613.0,7.2022705078125,,0.5091419040008986,2.0,0.0001,0.004227235000143992,0.0,675.0
1453,779,,,1681386828,11.875,0.0,8.103999999999985,8280.526848,0.04086434500081018,1564164.0,0.25979188082474286,2389.397504,2349.0,6181.429248,0.0,0.0,0.0,15.25,857527.0,27.855228658774596,21135.40096,2.654208,11491.0,2.338999999999942,4759.425024,0.0,2100010.0,33.0,14.124999999999998,28448.428032,1008.0,0.0068060619996686,0.0006680120004602941,0.023937276999276946,,0.1091342479994637,,,0.36616572799994174,,,,,,
1454,779,,,1681386828,,,,,,,,,,,,,,,,,,,,,,,,,,,,,,,3.0,,21645.0,7.24462890625,,0.5113295799983462,2.0,0.0001,0.004618252999534889,0.0,676.0
1455,780,,,1681386829,,,,,,,,,,,,,,,,,,,,,,,,,,,,0.006847863000075449,0.000819666999632318,0.023354261000349652,3.0,0.10925530699933006,21677.0,7.239013671875,0.36375584400047956,0.5083366549997663,2.0,0.0001,0.00430371299989929,0.0,677.0
1456,780,,,1681386829,11.875,0.0,8.119999999999976,8279.98208,0.012258213007981005,1565572.0,0.8504294885024102,2389.397504,2352.0,6181.429248,0.0,0.0,0.0,15.25,858559.0,32.31086980904545,21155.221504,2.654208,11516.0,2.3409999999994398,4759.425024,0.0,2101720.0,33.0,14.124999999999998,28448.432128,1008.0,0.006624734999604698,0.0007425639996654354,0.024795236000500154,,,,,,,,,,,
1457,780,,,1681386829,,,,,,,,,,,,,,,,,,,,,,,,,,,,,,,3.0,0.10995387800085155,21709.0,7.099853515625,0.36223050499938836,0.5085953320003682,2.0,0.0001,0.004248414000358025,0.0,678.0
1458,781,,,1681386830,11.875,0.0,8.127999999999986,8277.450752,0.008172540472946316,1566915.0,0.22010790408555955,2389.417984,2354.0,6181.449728,0.0,0.0,0.0,15.25,859616.0,39.16452189155294,21138.47296,2.654208,11526.0,2.342999999999847,4759.425024,0.0,2103486.0,33.0,14.124999999999998,28448.432128,1008.0,0.0069795259996681125,0.0006933279992153984,0.024250640999525785,,,,,,,,,,,
1459,781,,,1681386830,,,,,,,,,,,,,,,,,,,,,,,,,,,,,,,3.0,0.10997642099937366,21741.0,6.94677734375,0.3637324359997365,0.5100488509979186,2.0,0.0001,0.004416499000399199,0.0,679.0
1460,782,,,1681386831,11.875,0.0,8.147999999999996,8279.830528,0.10623094842675077,1568185.0,0.19257551436916406,2389.397504,2364.0,6181.429248,0.0,0.0,0.0,15.25,860728.0,40.51495314870634,21136.093184,2.654208,11545.0,2.352999999999156,4759.425024,0.0,2105225.0,33.0,14.124999999999998,28448.432128,1011.0,0.00680136500068329,0.0006787279999116436,0.024670294000316062,,,,,,,,,,,
1461,782,,,1681386831,,,,,,,,,,,,,,,,,,,,,,,,,,,,,,,3.0,0.10896064099961222,21773.0,7.3038330078125,0.3641002099993784,0.5098529189999681,2.0,0.0001,0.0046416810000664555,0.0,680.0
1462,783,,,1681386832,11.875,0.0,8.159999999999997,8279.32672,0.008164828704297102,1569285.0,0.24226577668844682,2389.417984,2366.0,6181.449728,0.0,0.0,0.0,15.25,861656.0,30.032879187268996,21136.592896,2.654208,11558.0,2.3549999999995634,4759.425024,0.0,2106709.0,33.0,14.124999999999998,28448.432128,1014.0,0.006858157999886316,0.0006549820000145701,0.023852111999985937,,,,,0.3640324119996876,,,,,,
1463,783,,,1681386832,,,,,,,,,,,,,,,,,,,,,,,,,,,,,,,3.0,0.10869958399962343,21805.0,7.0216064453125,,0.5082949469997402,2.0,0.0001,0.004197699000542343,0.0,681.0
1464,784,,,1681386833,11.875,0.0,8.171999999999997,8278.941696,0.008171471495070262,1570412.0,0.22062973033060845,2389.397504,2368.0,6181.429248,0.0,0.0,0.0,15.0,862583.0,28.537579420200764,21136.97792,2.654208,11584.0,2.356999999999971,4759.425024,0.0,2108187.0,33.0,14.124999999999998,28448.432128,1017.0,0.0067493340002329205,0.0007048400002531707,0.023964807999618642,,0.10991159700006392,,,0.36230941399935546,,,,,,
1465,784,,,1681386833,,,,,,,,,,,,,,,,,,,,,,,,,,,,,,,3.0,,21837.0,7.3370361328125,,0.5077654249998886,2.0,0.0001,0.004125432000364526,0.0,682.0
1466,785,,,1681386834,11.875,0.0,8.179999999999978,8279.257088,0.008171294650554146,1571531.0,0.19790652215483584,2389.417984,2370.0,6181.449728,0.0,0.0,0.0,15.0,863435.0,30.06187383733303,21136.658432,2.654208,11593.0,2.357999999999265,4759.425024,0.0,2109641.0,33.0,14.124999999999998,28448.432128,1017.0,0.007005667999692378,0.0006173900001158472,0.02424341300047672,,0.10933181400014291,,,0.36330200900010823,,,,,,
1467,785,,,1681386834,,,,,,,,,,,,,,,,,,,,,,,,,,,,,,,3.0,,21869.0,7.447265625,,0.50878682199982,2.0,0.0001,0.004286527999283862,0.0,683.0
1468,786,,,1681386835,11.875,0.0,8.187999999999988,8279.515136,0.008170445535885848,1572711.0,0.23287365563967158,2389.397504,2372.0,6181.429248,0.0,0.0,0.0,15.0,864361.0,29.450570403774226,21136.400384,2.654208,11604.0,2.3599999999996726,4759.425024,0.0,2111181.0,33.0,14.124999999999998,28448.432128,1019.0,0.006725704000018595,0.0006170169999677455,0.023463884000193502,,0.10843714699967677,,,0.36770969799999875,,,,,,
1469,786,,,1681386835,,,,,,,,,,,,,,,,,,,,,,,,,,,,,,,3.0,,21901.0,7.34912109375,,0.5112558299997545,2.0,0.0001,0.004302379999899131,0.0,684.0
1470,787,,,1681386836,11.875,0.0,8.199999999999989,8279.502848,0.03268948545443634,1574212.0,0.2822660452987283,2389.417984,2376.0,6181.449728,0.0,0.0,0.0,15.0,865449.0,23.640124469032823,21136.396288,2.654208,11636.0,2.3629999999993743,4759.425024,0.0,2113002.0,33.0,14.124999999999998,28448.432128,1021.0,0.006782847000067704,0.0007159700007832726,0.024316895000083605,,0.10995997200006968,,,0.3616953310001918,,,,,,
1471,787,,,1681386836,,,,,,,,,,,,,,,,,,,,,,,,,,,,,,,3.0,,21933.0,7.3050537109375,,0.5077568200013047,2.0,0.0001,0.004285805000108667,0.0,685.0
1472,788,,,1681386837,,,,,,,,,,,,,,,,,,,,,,,,,,,,0.006936568000128318,0.0005707440004698583,0.02386207400013518,3.0,0.10956644999987475,21965.0,6.7801513671875,0.3637293599995246,0.5092603470002359,2.0,0.0001,0.004595151000103215,0.0,686.0
1473,788,,,1681386837,11.875,0.0,8.211999999999989,8277.405696,0.012256842871962654,1575497.0,0.1822646797553346,2389.417984,2379.0,6181.449728,0.0,0.0,0.0,15.0,866457.0,28.08592504797267,21157.66272,2.654208,11660.0,2.3659999999999854,4759.425024,0.0,2114616.0,33.0,14.124999999999998,28448.432128,1023.0,0.0068968799996582675,0.0007181600003605126,0.02390702100001363,,,,,,,,,,,
1474,788,,,1681386837,,,,,,,,,,,,,,,,,,,,,,,,,,,,,,,3.0,0.110636223000256,21997.0,7.4454345703125,0.3650556870006767,0.512103446000765,2.0,0.0001,0.004889474999799859,0.0,687.0
1475,789,,,1681386838,11.875,0.0,8.22399999999999,8276.066304,0.008172775690041729,1576829.0,0.2084057800633991,2389.397504,2381.0,6181.429248,0.0,0.0,0.0,14.875,867742.0,49.17832888071128,21139.8656,2.654208,11675.0,2.3669999999992797,4759.425024,0.0,2116599.0,33.0,14.124999999999998,28448.432128,1023.0,0.006892728999446263,0.0007491430005757138,0.025212924000697967,,,,,,,,,,,
1476,789,,,1681386838,,,,,,,,,,,,,,,,,,,,,,,,,,,,,,,3.0,0.11054743700060499,22029.0,7.189697265625,0.36287089999950695,0.5107720890009659,2.0,0.0001,0.004498956000134058,0.0,688.0
1477,790,,,1681386839,11.875,0.0,8.232,8278.573056,0.00817179216015758,1578020.0,0.24247239545125623,2389.417984,2383.0,6181.449728,0.0,0.0,0.0,14.875,868801.0,44.547064566200376,21137.215488,2.654208,11692.0,2.368999999999687,4759.425024,0.0,2118260.0,33.0,14.124999999999998,28448.432128,1025.0,0.006744914000591962,0.0006370539995259605,0.024058808999143366,,,,,,,,,,,
1478,790,,,1681386839,,,,,,,,,,,,,,,,,,,,,,,,,,,,,,,3.0,0.10941786500006856,22061.0,7.2191162109375,0.3633339830003024,0.5088588919998074,2.0,0.0001,0.004666267000175139,0.0,689.0
1479,791,,,1681386840,11.875,0.0,8.23999999999998,8280.027136,0.008147626430272396,1579409.0,0.293020154920078,2389.397504,2385.0,6181.429248,0.0,0.0,0.0,14.875,869851.0,33.83718009853952,21135.896576,2.654208,11703.0,2.370999999999185,4759.425024,0.0,2119984.0,33.0,14.124999999999998,28448.432128,1027.0,0.006974622000598174,0.000722198999937973,0.024509613000191166,,,,,,,,,,,
1480,791,,,1681386840,,,,,,,,,,,,,,,,,,,,,,,,,,,,,,,3.0,0.11073376500007726,22093.0,7.1373291015625,0.3647766110007069,0.5124548710018644,2.0,0.0001,0.0047380610003529,0.0,690.0
1481,792,,,1681386841,11.875,0.0,8.24799999999999,8279.924736,0.03269185703386981,1580618.0,0.1852325727775351,2389.417984,2389.0,6181.449728,0.0,0.0,0.0,14.875,870769.0,26.44479912485129,21135.99488,2.654208,11721.0,2.3739999999997963,4759.425024,0.0,2121489.0,33.0,14.124999999999998,28448.432128,1028.0,0.006942013999832852,0.0006705630003125407,0.023857019999923068,,,,,0.3624938580005619,,,,,,
1482,792,,,1681386841,,,,,,,,,,,,,,,,,,,,,,,,,,,,,,,3.0,0.10974885299947346,22125.0,7.310791015625,,0.5083151859998907,2.0,0.0001,0.00460287799978687,0.0,691.0
1483,793,,,1681386842,11.875,0.0,8.259999999999991,8280.313856,0.048962688989390823,1582079.0,0.2683305177162532,2389.397504,2393.0,6181.429248,0.0,0.0,0.0,14.875,871745.0,23.2626245951042,21135.60576,2.654208,11740.0,2.3779999999997017,4759.425024,0.0,2123169.0,33.0,14.124999999999998,28448.432128,1029.0,0.006855448000351316,0.0006925640000190469,0.02390189899961115,,0.10999710299984145,,,0.3665405070005363,,,,,,
1484,793,,,1681386842,,,,,,,,,,,,,,,,,,,,,,,,,,,,,,,3.0,,22157.0,7.2012939453125,,0.512226004000695,2.0,0.0001,0.004238483000335691,0.0,692.0
1485,794,,,1681386843,11.875,0.0,8.271999999999991,8280.055808,0.008158119224080676,1583476.0,0.3121038286841814,2389.417984,2395.0,6181.449728,0.0,0.0,0.0,14.625,872845.0,29.677317706956813,21135.872,2.654208,11752.0,2.3799999999991996,4759.425024,0.0,2124910.0,33.0,14.124999999999998,28448.432128,1031.0,0.006798747999710031,0.000716753999768116,0.023656987999856938,,0.10822058599933371,,,0.36334477699983836,,,,,,
1486,794,,,1681386843,,,,,,,,,,,,,,,,,,,,,,,,,,,,,,,3.0,,22189.0,7.0550537109375,,0.5070547149989579,2.0,0.0001,0.004316862000450783,0.0,693.0
1487,795,,,1681386844,11.875,0.0,8.283999999999992,8280.809472,0.057205674321682706,1585635.0,0.3200979898742345,2389.397504,2400.0,6181.429248,0.0,0.0,0.0,14.625,874076.0,32.24178204169728,21135.11424,2.654208,11786.0,2.384999999999309,4759.425024,0.0,2127114.0,33.0,14.124999999999998,28448.432128,1034.0,0.006342362000395951,0.0006853490003777551,0.024384398999245605,,,,,0.3660909760001232,,,,,,
1488,796,,,1681386845,11.875,0.0,8.292000000000002,8280.702976,0.004084327301925278,1586194.0,0.07601475563509923,2389.397504,2401.0,6181.429248,0.0,0.0,0.0,14.625,874527.0,0.05388599795697014,21135.224832,2.654208,11787.0,2.3859999999995125,4759.425024,0.0,2128074.0,33.0,14.124999999999998,28448.432128,1035.0,,,,,,,,,,,,,,
1489,797,,,1681386846,11.875,0.0,8.295999999999992,8226.930688,0.004084766246734924,1592150.0,19.65220133519171,2389.397504,2402.0,6181.429248,0.0,0.0,0.0,14.625,875820.0,53.88134576916693,21189.001216,2.654208,11787.0,2.3869999999997162,4759.425024,0.0,2132191.0,32.9,14.124999999999998,28448.432128,1035.0,,,,,,,,,,,,,,
1490,798,,,1681386847,11.875,0.0,8.299999999999983,8238.706688,0.004085773643182572,1596320.0,34.03925851885154,2389.397504,2403.0,6181.429248,0.0,0.0,0.0,14.625,877597.0,61.599924425355574,21177.22112,2.654208,11787.0,2.38799999999992,4759.425024,0.0,2135666.0,32.9,14.124999999999998,28448.432128,1035.0,,,,,,,,,,,,,,
1491,799,,,1681386848,11.75,0.0,8.304000000000002,8237.760512,0.004085454952974431,1611619.0,190.94736602294284,2389.397504,2404.0,6181.429248,0.0,0.0,0.0,13.5,881627.0,124.33754992065681,21178.175488,2.654208,11787.0,2.388999999999214,4759.425024,0.0,2146323.0,32.9,13.875000000000002,28448.432128,1035.0,,,,,,,,,,,,,,
1492,800,,,1681386849,11.75,0.0,8.316000000000003,8243.07712,0.02859206527046901,1629069.0,224.41959896684742,2389.397504,2407.0,6181.429248,0.0,0.0,0.0,13.5,886264.0,184.14536150185484,21172.854784,2.654208,11787.0,2.3909999999996217,4759.425024,0.0,2158630.0,32.9,13.875000000000002,28448.432128,1035.0,,,,,,,,,,,,,,
1493,801,,,1681386850,11.75,0.0,8.319999999999993,8241.258496,0.004085657043436565,1642793.0,171.17020575040843,2389.397504,2408.0,6181.429248,0.0,0.0,0.0,13.5,890091.0,199.75185848272628,21174.677504,2.654208,11787.0,2.3919999999998254,4759.425024,0.0,2168482.0,32.9,13.875000000000002,28448.432128,1035.0,,,,,,,,,,,,,,
1494,802,,,1681386851,11.75,0.0,8.328000000000003,8239.14496,0.0040865297596781956,1654128.0,155.29703820391111,2389.397504,2409.0,6181.429248,0.0,0.0,0.0,13.5,893537.0,168.78441417324305,21176.79104,2.654208,11787.0,2.3939999999993233,4759.425024,0.0,2176879.0,32.9,13.875000000000002,28448.432128,1035.0,,,,,,,,,,,,,,
1495,803,,,1681386852,11.75,0.0,8.331999999999994,8239.681536,0.004086333410987558,1664499.0,147.6227053311895,2389.397504,2410.0,6181.429248,0.0,0.0,0.0,13.5,896380.0,144.72337196272963,21176.254464,2.654208,11787.0,2.394999999999527,4759.425024,0.0,2184264.0,32.9,13.875000000000002,28448.432128,1035.0,,,,,,,,,,,,,,
1496,804,,,1681386853,11.75,0.0,8.340000000000003,8255.475712,0.004085877616902383,1677751.0,157.2026170644686,2389.397504,2411.0,6181.429248,0.0,0.0,0.0,12.375,899878.0,171.57218578777943,21160.456192,2.654208,11787.0,2.395999999999731,4759.425024,0.0,2193598.0,32.9,13.625000000000002,28448.432128,1035.0,,,,,,,,,,,,,,
1497,805,,,1681386854,11.75,0.0,8.343999999999994,8269.197312,0.004089402246808342,1688081.0,155.5483057040123,2389.397504,2412.0,6181.429248,0.0,0.0,0.0,12.375,902584.0,124.81762192923635,21146.738688,2.654208,11787.0,2.3969999999999345,4759.425024,0.0,2200793.0,33.0,13.625000000000002,28448.432128,1035.0,,,,,,,,,,,,,,
1498,806,,,1681386855,11.75,0.0,8.351999999999975,8283.385856,0.028602122863904084,1695353.0,65.78590409049382,2389.397504,2415.0,6181.429248,0.0,0.0,0.0,12.375,904298.0,69.57407330834744,21132.550144,2.654208,11787.0,2.3989999999994325,4759.425024,0.0,2205605.0,33.0,13.625000000000002,28448.432128,1035.0,,,,,,,,,,,,,,
1499,807,,,1681386856,11.75,0.0,8.355999999999995,8297.869312,0.004088539006434945,1705646.0,147.13569856644924,2389.397504,2416.0,6181.429248,0.0,0.0,0.0,12.375,907602.0,143.82371046714636,21118.062592,2.654208,11787.0,2.399999999999636,4759.425024,0.0,2213300.0,33.1,13.625000000000002,28448.432128,1035.0,,,,,,,,,,,,,,
1500,808,,,1681386857,11.75,0.0,8.363999999999976,8320.036864,0.04901775437873609,1718422.0,169.86762910894856,2389.397504,2418.0,6181.429248,0.0,0.0,0.0,12.375,911001.0,150.21569015353901,21095.899136,2.654208,11787.0,2.401999999999134,4759.425024,0.0,2222284.0,33.2,13.625000000000002,28448.432128,1035.0,,,,,,,,,,,,,,
1501,809,,,1681386858,11.625,0.0,8.371999999999986,8341.848064,0.004085622064810485,1729941.0,144.82018058781904,2389.397504,2419.0,6181.429248,0.0,0.0,0.0,11.375,914234.0,163.32685955895045,21074.087936,2.654208,11787.0,2.402999999999338,4759.425024,0.0,2230563.0,33.2,13.375,28448.432128,1035.0,,,,,,,,,,,,,,
1502,810,,,1681386859,11.625,0.0,8.375999999999976,8344.43264,0.0040858756734198365,1736946.0,58.595503123187385,2389.397504,2420.0,6181.429248,0.0,0.0,0.0,11.375,916165.0,107.16283090457334,21071.499264,2.654208,11787.0,2.4039999999995416,4759.425024,0.0,2235538.0,33.2,13.375,28448.432128,1035.0,,,,,,,,,,,,,,
1503,811,,,1681386860,11.625,0.0,8.383999999999986,8367.669248,0.0367783391599277,1747692.0,186.68957922890553,2389.397504,2423.0,6181.429248,0.0,0.0,0.0,11.375,919402.0,117.78738808705616,21048.266752,2.654208,11787.0,2.4069999999992433,4759.425024,0.0,2243398.0,33.3,13.375,28448.432128,1035.0,,,,,,,,,,,,,,
1504,812,,,1681386861,11.625,0.0,8.387999999999977,8385.88416,0.004088727778714218,1757656.0,156.9870863600081,2389.397504,2424.0,6181.429248,0.0,0.0,0.0,11.375,922585.0,131.8660307348648,21030.05184,2.654208,11787.0,2.407999999999447,4759.425024,0.0,2250858.0,33.4,13.375,28448.432128,1035.0,,,,,,,,,,,,,,
1505,813,,,1681386862,11.625,0.0,8.391999999999996,8396.693504,0.004085454952974431,1765779.0,123.65396234194041,2389.397504,2425.0,6181.429248,0.0,0.0,0.0,11.375,924813.0,89.48048816377583,21019.2384,2.654208,11787.0,2.4089999999996508,4759.425024,0.0,2256643.0,33.4,13.375,28448.432128,1035.0,,,,,,,,,,,,,,
1506,814,,,1681386863,11.625,0.0,8.399999999999977,8403.74272,0.07355155219822637,1771117.0,62.091412703810086,2389.397504,2429.0,6181.429248,0.0,0.0,0.0,10.5,926566.0,87.62011417247477,21012.189184,2.654208,11787.0,2.4119999999993524,4759.425024,0.0,2260771.0,33.4,13.125,28448.432128,1035.0,,,,,,,,,,,,,,
1507,815,,,1681386864,11.625,0.0,8.403999999999996,8422.498304,0.004085933006932194,1778533.0,92.81654097311149,2389.397504,2430.0,6181.429248,0.0,0.0,0.0,10.5,928814.0,106.72026872404103,20993.4336,2.654208,11787.0,2.41399999999976,4759.425024,0.0,2266254.0,33.5,13.125,28448.432128,1035.0,,,,,,,,,,,,,,
1508,816,,,1681386865,11.625,0.0,8.411999999999978,8443.387904,0.004090094464855719,1784752.0,71.50367050186156,2389.397504,2431.0,6181.429248,0.0,0.0,0.0,10.5,930790.0,79.97729974283222,20972.544,2.654208,11787.0,2.4149999999999636,4759.425024,0.0,2270978.0,33.5,13.125,28448.432128,1035.0,,,,,,,,,,,,,,
1509,817,,,1681386866,11.625,0.0,8.419999999999987,8449.376256,0.020431356047453445,1791532.0,82.02175068460811,2389.397504,2435.0,6181.429248,0.0,0.0,0.0,10.5,932821.0,61.27077959120095,20966.559744,2.654208,11787.0,2.418999999999869,4759.425024,0.0,2275872.0,33.6,13.125,28448.432128,1035.0,,,,,,,,,,,,,,
1510,818,,,1681386867,11.625,0.0,8.423999999999978,8456.052736,0.00408581251124353,1794608.0,68.71896141289756,2389.397504,2436.0,6181.429248,0.0,0.0,0.0,10.5,934253.0,33.73366510350627,20959.883264,2.654208,11787.0,2.4199999999991633,4759.425024,0.0,2278531.0,33.6,13.125,28448.432128,1035.0,,,,,,,,,,,,,,
1511,819,,,1681386868,11.5,0.0,8.435999999999979,8456.548352,0.02860924702094985,1798175.0,32.788288498173095,2389.397504,2439.0,6181.429248,0.0,0.0,0.0,9.625,935607.0,22.5318814237795,20959.37536,2.654208,11787.0,2.4219999999995707,4759.425024,0.0,2281358.0,33.6,12.875,28448.432128,1035.0,,,,,,,,,,,,,,
1512,820,,,1681386869,11.5,0.0,8.439999999999998,8456.720384,0.004085583200372834,1799674.0,8.620436917785238,2389.397504,2440.0,6181.429248,0.0,0.0,0.0,9.625,936149.0,15.102382237054757,20959.203328,2.654208,11787.0,2.4229999999997744,4759.425024,0.0,2282528.0,33.6,12.875,28448.432128,1035.0,,,,,,,,,,,,,,
1513,821,,,1681386870,11.5,0.0,8.443999999999988,8456.650752,0.004085643436937584,1800462.0,0.09574928836935256,2389.397504,2441.0,6181.429248,0.0,0.0,0.0,9.625,936490.0,14.663494002731811,20959.277056,2.654208,11787.0,2.423999999999978,4759.425024,0.0,2283207.0,33.6,12.875,28448.432128,1035.0,,,,,,,,,,,,,,
1514,822,,,1681386871,11.5,0.0,8.447999999999979,8461.426688,0.004084844916517157,1804839.0,25.51694115297372,2389.397504,2442.0,6181.429248,0.0,0.0,0.0,9.625,937571.0,54.71443927016851,20954.50112,2.654208,11787.0,2.423999999999978,4759.425024,0.0,2286291.0,33.6,12.875,28448.432128,1035.0,,,,,,,,,,,,,,
1515,823,,,1681386872,11.5,0.0,8.455999999999989,8461.103104,0.012256195813172705,1806168.0,36.22368941631012,2389.397504,2444.0,6181.429248,0.0,0.0,0.0,9.625,938577.0,13.184562747730174,20954.824704,2.654208,11787.0,2.425999999999476,4759.425024,0.0,2287611.0,33.6,12.875,28448.432128,1035.0,,,,,,,,,,,,,,
1516,824,,,1681386873,11.5,0.0,8.45999999999998,8457.261056,0.004085632752660466,1806765.0,39.781071969947874,2389.397504,2445.0,6181.429248,0.0,0.0,0.0,8.875,939506.0,0.3432170904424449,20958.670848,2.654208,11787.0,2.42699999999968,4759.425024,0.0,2288645.0,33.6,12.75,28448.432128,1035.0,,,,,,,,,,,,,,
1517,825,,,1681386874,11.5,0.0,8.46799999999999,8457.216,0.03677149929000993,1807250.0,0.12672122585129644,2389.397504,2448.0,6181.429248,0.0,0.0,0.0,8.875,939756.0,0.0881622231316166,20958.707712,2.654208,11787.0,2.428999999999178,4759.425024,0.0,2289031.0,33.6,12.75,28448.432128,1035.0,,,,,,,,,,,,,,
1518,826,,,1681386875,11.5,0.0,8.475999999999999,8456.88832,0.00408603601694585,1807937.0,0.07377210339547749,2389.397504,2449.0,6181.429248,0.0,0.0,0.0,8.875,940127.0,4.5285329675565515,20959.035392,2.654208,11787.0,2.4299999999993815,4759.425024,0.0,2289617.0,33.6,12.75,28448.432128,1035.0,,,,,,,,,,,,,,
1519,827,,,1681386876,11.5,0.0,8.47999999999999,8456.728576,0.004086123482355416,1809543.0,0.18137759447027801,2389.397504,2450.0,6181.429248,0.0,0.0,0.0,8.875,940768.0,29.62667772593062,20959.195136,2.654208,11787.0,2.4309999999995853,4759.425024,0.0,2290964.0,33.6,12.75,28448.432128,1035.0,,,,,,,,,,,,,,
1520,828,,,1681386877,11.5,0.0,8.488,8456.892416,0.02451468849678472,1810808.0,0.12615648126945808,2389.397504,2452.0,6181.429248,0.0,0.0,0.0,8.875,941265.0,29.574896860785476,20959.043584,2.654208,11787.0,2.4329999999999927,4759.425024,0.0,2291985.0,33.6,12.75,28448.432128,1035.0,,,,,,,,,,,,,,
1521,829,,,1681386878,11.375,0.0,8.49199999999999,8461.402112,0.004085938837549009,1812576.0,3.732090149432686,2389.397504,2453.0,6181.429248,0.0,0.0,0.0,8.125,941824.0,20.740664455695455,20954.529792,2.654208,11787.0,2.4329999999999927,4759.425024,0.0,2293260.0,33.6,12.5,28448.432128,1035.0,,,,,,,,,,,,,,
1522,830,,,1681386879,11.375,0.0,8.5,8456.72448,0.03677197152661796,1816462.0,106.2059604854024,2389.397504,2456.0,6181.429248,0.0,0.0,0.0,8.125,943679.0,14.858741327840002,20959.199232,2.654208,11787.0,2.4359999999996944,4759.425024,0.0,2296503.0,33.6,12.5,28448.432128,1035.0,,,,,,,,,,,,,,
1523,831,,,1681386880,11.375,0.0,8.507999999999981,8456.118272,0.004085438436849263,1817116.0,0.10934133377831196,2389.397504,2457.0,6181.429248,0.0,0.0,0.0,8.125,944021.0,3.7146609600886684,20959.80544,2.654208,11787.0,2.436999999999898,4759.425024,0.0,2297067.0,33.6,12.5,28448.432128,1035.0,,,,,,,,,,,,,,
1524,832,,,1681386881,11.375,0.0,8.512,8456.118272,0.004085095514540808,1817347.0,0.0005265943477105873,2389.397504,2458.0,6181.429248,0.0,0.0,0.0,8.125,944158.0,0.0018191440733303114,20959.813632,2.654208,11787.0,2.436999999999898,4759.425024,0.0,2297235.0,33.6,12.5,28448.432128,1035.0,,,,,,,,,,,,,,
1525,833,,,1681386882,11.375,0.0,8.515999999999991,8456.146944,0.004085578342370117,1817637.0,0.04625800320150262,2389.397504,2459.0,6181.429248,0.0,0.0,0.0,8.125,944341.0,0.05806787814578031,20959.780864,2.654208,11787.0,2.4379999999991924,4759.425024,0.0,2297471.0,33.6,12.5,28448.432128,1035.0,,,,,,,,,,,,,,
1526,834,,,1681386883,11.375,0.0,8.524000000000001,8456.114176,0.004086183738482575,1817850.0,0.03145244164456174,2389.397504,2460.0,6181.429248,0.0,0.0,0.0,7.5,944475.0,0.005849946588438723,20959.813632,2.654208,11787.0,2.438999999999396,4759.425024,0.0,2297633.0,33.6,12.25,28448.432128,1035.0,,,,,,,,,,,,,,
1527,835,,,1681386884,11.375,0.0,8.527999999999992,8456.101888,0.02859690617678634,1818131.0,0.031445426119854,2389.397504,2463.0,6181.429248,0.0,0.0,0.0,7.5,944624.0,0.007907236061261449,20959.813632,2.654208,11787.0,2.441999999999098,4759.425024,0.0,2297841.0,33.6,12.25,28448.432128,1035.0,,,,,,,,,,,,,,
1528,836,,,1681386885,11.375,0.0,8.531999999999982,8456.196096,0.004085789186689306,1818343.0,0.0372908064091189,2389.397504,2464.0,6181.429248,0.0,0.0,0.0,7.5,944769.0,0.3500611609139413,20959.715328,2.654208,11787.0,2.441999999999098,4759.425024,0.0,2298009.0,33.6,12.25,28448.432128,1035.0,,,,,,,,,,,,,,
1529,837,,,1681386886,11.375,0.0,8.539999999999992,8456.994816,0.057204953212999114,1819309.0,0.1336591178157649,2389.397504,2468.0,6181.429248,0.0,0.0,0.0,7.5,945220.0,16.71443659650446,20958.932992,2.654208,11787.0,2.4459999999999127,4759.425024,0.0,2298853.0,33.6,12.25,28448.432128,1035.0,,,,,,,,,,,,,,
1530,838,,,1681386887,11.375,0.0,8.543999999999983,8456.839168,0.004085694937624036,1819544.0,0.028336528736677618,2389.397504,2469.0,6181.429248,0.0,0.0,0.0,7.5,945341.0,0.0027370964105340448,20959.08864,2.654208,11787.0,2.446999999999207,4759.425024,0.0,2299020.0,33.6,12.25,28448.432128,1035.0,,,,,,,,,,,,,,
1531,839,,,1681386888,11.25,0.0,8.551999999999992,8456.839168,0.028601612673648212,1819686.0,0.0005267038089230469,2389.397504,2471.0,6181.429248,0.0,0.0,0.0,6.875000000000001,945454.0,0.0018195222120565837,20959.096832,2.654208,11787.0,2.4489999999996144,4759.425024,0.0,2299130.0,33.6,12.125,28448.432128,1035.0,,,,,,,,,,,,,,
1532,840,,,1681386889,11.25,0.0,8.555999999999983,8456.773632,0.004085613320247547,1820022.0,0.04521305678336217,2389.397504,2472.0,6181.429248,0.0,0.0,0.0,6.875000000000001,945626.0,0.4090401147800142,20959.162368,2.654208,11787.0,2.4489999999996144,4759.425024,0.0,2299383.0,33.6,12.125,28448.432128,1035.0,,,,,,,,,,,,,,
1533,841,,,1681386890,11.25,0.0,8.560000000000002,8456.486912,0.004085769756417149,1822693.0,25.738522037470243,2389.397504,2473.0,6181.429248,0.0,0.0,0.0,6.875000000000001,946296.0,37.6765906427757,20959.449088,2.654208,11787.0,2.4509999999991123,4759.425024,0.0,2301252.0,33.6,12.125,28448.432128,1035.0,,,,,,,,,,,,,,
1534,842,,,1681386891,11.25,0.0,8.572000000000003,8455.933952,0.03676815025620303,1824307.0,8.531479552611353,2389.397504,2476.0,6181.429248,0.0,0.0,0.0,6.875000000000001,946946.0,21.22272314631869,20959.997952,2.654208,11787.0,2.45299999999952,4759.425024,0.0,2302564.0,33.6,12.125,28448.432128,1035.0,,,,,,,,,,,,,,
1535,843,,,1681386892,11.25,0.0,8.575999999999993,8456.2944,0.004085377231196865,1824810.0,0.07573108453886296,2389.397504,2477.0,6181.429248,0.0,0.0,0.0,6.875000000000001,947182.0,8.504390942010495,20959.633408,2.654208,11787.0,2.4539999999997235,4759.425024,0.0,2302970.0,33.6,12.125,28448.432128,1035.0,,,,,,,,,,,,,,
1536,844,,,1681386893,11.25,0.0,8.579999999999984,8457.084928,0.0040859028823437395,1825470.0,0.10863553894733599,2389.397504,2478.0,6181.429248,0.0,0.0,0.0,6.375,947565.0,12.450847359276842,20958.838784,2.654208,11787.0,2.4549999999999272,4759.425024,0.0,2303570.0,33.6,11.875,28448.432128,1035.0,,,,,,,,,,,,,,
1537,845,,,1681386894,11.25,0.0,8.584000000000003,8457.6256,0.004086040876037035,1825931.0,0.03722925915161652,2389.397504,2479.0,6181.429248,0.0,0.0,0.0,6.375,947809.0,4.555408859928221,20958.298112,2.654208,11787.0,2.4559999999992215,4759.425024,0.0,2303956.0,33.6,11.875,28448.432128,1035.0,,,,,,,,,,,,,,
1538,846,,,1681386895,11.25,0.0,8.587999999999994,8458.006528,0.004085307284125385,1826661.0,0.07584149555217291,2389.397504,2480.0,6181.429248,0.0,0.0,0.0,6.375,948121.0,4.296745872841992,20957.913088,2.654208,11787.0,2.456999999999425,4759.425024,0.0,2304485.0,33.6,11.875,28448.432128,1035.0,,,,,,,,,,,,,,
1539,847,,,1681386896,11.25,0.0,8.591999999999985,8458.186752,0.004085379174205263,1827274.0,0.059070433634438015,2389.397504,2481.0,6181.429248,0.0,0.0,0.0,6.375,948370.0,12.6047033487093,20957.732864,2.654208,11787.0,2.457999999999629,4759.425024,0.0,2304952.0,33.6,11.875,28448.432128,1035.0,,,,,,,,,,,,,,
1540,848,,,1681386897,11.25,0.0,8.595999999999975,8458.006528,0.028599252426660525,1828201.0,8.618134157113504,2389.397504,2484.0,6181.429248,0.0,0.0,0.0,6.375,948781.0,17.68334708539179,20957.913088,2.654208,11787.0,2.459999999999127,4759.425024,0.0,2305692.0,33.6,11.875,28448.432128,1035.0,,,,,,,,,,,,,,
1541,849,,,1681386898,11.125,0.0,8.603999999999985,8463.929344,0.020430544522635583,1830955.0,1.0003225553658928,2389.397504,2488.0,6181.429248,0.0,0.0,0.0,5.875,949497.0,30.340276390193452,20952.006656,2.654208,11787.0,2.462999999999738,4759.425024,0.0,2307657.0,33.6,11.625,28448.432128,1035.0,,,,,,,,,,,,,,
1542,850,,,1681386899,11.125,0.0,8.611999999999995,8461.193216,0.004086000056401163,1835607.0,86.3583534402673,2389.397504,2489.0,6181.429248,0.0,0.0,0.0,5.875,951445.0,41.71272965387335,20954.738688,2.654208,11787.0,2.463999999999942,4759.425024,0.0,2311380.0,33.6,11.625,28448.432128,1035.0,,,,,,,,,,,,,,
1543,851,,,1681386900,11.125,0.0,8.615999999999985,8455.151616,0.004086004919035925,1838967.0,98.6310113232107,2389.397504,2490.0,6181.429248,0.0,0.0,0.0,5.875,953411.0,27.633866736534507,20960.780288,2.654208,11787.0,2.464999999999236,4759.425024,0.0,2314771.0,33.6,11.625,28448.432128,1035.0,,,,,,,,,,,,,,
1544,852,,,1681386901,11.125,0.0,8.619999999999976,8455.016448,0.00408617304774969,1840237.0,0.12224999754511674,2389.397504,2491.0,6181.429248,0.0,0.0,0.0,5.875,953976.0,28.75364155631846,20960.91136,2.654208,11787.0,2.4659999999994398,4759.425024,0.0,2315890.0,33.6,11.625,28448.432128,1035.0,,,,,,,,,,,,,,
1545,853,,,1681386902,11.125,0.0,8.623999999999995,8455.45472,0.028603415427350502,1844450.0,34.01256549864677,2389.397504,2494.0,6181.429248,0.0,0.0,0.0,5.875,955042.0,67.71695792719842,20960.4608,2.654208,11787.0,2.467999999999847,4759.425024,0.0,2318915.0,33.6,11.625,28448.432128,1035.0,,,,,,,,,,,,,,
1546,854,,,1681386903,11.125,0.0,8.627999999999986,8458.686464,0.00408614486335841,1849414.0,51.53849726981655,2389.397504,2495.0,6181.429248,0.0,0.0,0.0,5.375,956689.0,34.570780727136004,20957.22496,2.654208,11787.0,2.4689999999991414,4759.425024,0.0,2322588.0,33.6,11.5,28448.432128,1035.0,,,,,,,,,,,,,,
1547,855,,,1681386904,11.125,0.0,8.635999999999996,8455.14752,0.004085852351773487,1853556.0,75.99217734667603,2389.397504,2496.0,6181.429248,0.0,0.0,0.0,5.375,958442.0,39.55873567333971,20960.763904,2.654208,11787.0,2.469999999999345,4759.425024,0.0,2326099.0,33.6,11.5,28448.432128,1035.0,,,,,,,,,,,,,,
1548,856,,,1681386905,11.125,0.0,8.639999999999986,8453.644288,0.004090292145365368,1857129.0,8.922301250313335,2389.397504,2497.0,6181.429248,0.0,0.0,0.0,5.375,959751.0,55.3511834192927,20962.26304,2.654208,11787.0,2.470999999999549,4759.425024,0.0,2328971.0,33.6,11.5,28448.432128,1035.0,,,,,,,,,,,,,,
1549,857,,,1681386906,11.125,0.0,8.647999999999996,8469.192704,0.004085508384783287,1862933.0,36.68154555200784,2389.397504,2498.0,6181.429248,0.0,0.0,0.0,5.375,961347.0,46.74371383828014,20946.714624,2.654208,11787.0,2.4719999999997526,4759.425024,0.0,2332999.0,33.6,11.5,28448.432128,1035.0,,,,,,,,,,,,,,
1550,858,,,1681386907,11.125,0.0,8.651999999999987,8464.34304,0.028600157030838458,1869144.0,124.57323475628495,2389.397504,2501.0,6181.429248,0.0,0.0,0.0,5.375,963928.0,78.14856451357896,20951.584768,2.654208,11787.0,2.4739999999992506,4759.425024,0.0,2338062.0,33.6,11.5,28448.432128,1035.0,,,,,,,,,,,,,,
1551,859,,,1681386908,11.0,0.0,8.659999999999997,8465.580032,0.07354453773763166,1873424.0,34.03948599710817,2389.397504,2505.0,6181.429248,0.0,0.0,0.0,4.875,965403.0,52.07044244923381,20950.355968,2.654208,11787.0,2.477999999999156,4759.425024,0.0,2341398.0,33.6,11.25,28448.432128,1035.0,,,,,,,,,,,,,,
1552,860,,,1681386909,11.0,0.0,8.667999999999978,8472.379392,0.0040862449683031436,1878214.0,41.28790599175609,2389.397504,2506.0,6181.429248,0.0,0.0,0.0,4.875,966852.0,40.71481811600582,20943.556608,2.654208,11787.0,2.4789999999993597,4759.425024,0.0,2344877.0,33.6,11.25,28448.432128,1035.0,,,,,,,,,,,,,,
1553,861,,,1681386910,11.0,0.0,8.671999999999997,8467.980288,0.004087108212462103,1881160.0,52.02258923976186,2389.397504,2507.0,6181.429248,0.0,0.0,0.0,4.875,968292.0,48.76103697350936,20947.955712,2.654208,11787.0,2.4799999999995634,4759.425024,0.0,2347591.0,33.6,11.25,28448.432128,1035.0,,,,,,,,,,,,,,
1554,862,,,1681386911,11.0,0.0,8.675999999999988,8467.808256,0.004085156711752278,1885569.0,42.39720849416974,2389.397504,2508.0,6181.429248,0.0,0.0,0.0,4.875,969600.0,52.640220324016155,20948.119552,2.654208,11787.0,2.480999999999767,4759.425024,0.0,2350795.0,33.6,11.25,28448.432128,1035.0,,,,,,,,,,,,,,
1555,863,,,1681386912,11.0,0.0,8.679999999999978,8472.748032,0.004085569597994338,1890566.0,42.601135890324755,2389.397504,2509.0,6181.429248,0.0,0.0,0.0,4.875,971233.0,52.28451036943013,20943.179776,2.654208,11787.0,2.481999999999971,4759.425024,0.0,2354525.0,33.6,11.25,28448.432128,1035.0,,,,,,,,,,,,,,
1556,864,,,1681386913,11.0,0.0,8.687999999999988,8467.533824,0.028601279359177768,1895666.0,93.15409554253134,2389.397504,2512.0,6181.429248,0.0,0.0,0.0,4.5,973363.0,54.1282802986199,20948.381696,2.654208,11787.0,2.483999999999469,4759.425024,0.0,2358718.0,33.6,11.125,28448.432128,1035.0,,,,,,,,,,,,,,
1557,865,,,1681386914,11.0,0.0,8.695999999999998,8467.451904,0.004085982567705548,1898008.0,17.04872235919278,2389.397504,2513.0,6181.429248,0.0,0.0,0.0,4.5,974201.0,40.9660213158876,20948.463616,2.654208,11787.0,2.4849999999996726,4759.425024,0.0,2360582.0,33.6,11.125,28448.432128,1035.0,,,,,,,,,,,,,,
1558,866,,,1681386915,11.0,0.0,8.699999999999989,8473.194496,0.00408817415734131,1903109.0,77.18341067036964,2389.397504,2514.0,6181.429248,0.0,0.0,0.0,4.5,976033.0,54.96451946665976,20942.733312,2.654208,11787.0,2.4859999999998763,4759.425024,0.0,2364601.0,33.6,11.125,28448.432128,1035.0,,,,,,,,,,,,,,
1559,867,,,1681386916,11.0,0.0,8.70399999999998,8468.353024,0.00408481869291972,1910476.0,83.8448847630604,2389.397504,2515.0,6181.429248,0.0,0.0,0.0,4.5,978114.0,84.93266719389884,20947.574784,2.654208,11787.0,2.4869999999991705,4759.425024,0.0,2369950.0,33.6,11.125,28448.432128,1035.0,,,,,,,,,,,,,,
1560,868,,,1681386917,11.0,0.0,8.711999999999989,8468.25472,0.004085895108328503,1913769.0,8.891203024250956,2389.397504,2516.0,6181.429248,0.0,0.0,0.0,4.5,979355.0,62.774846527638395,20947.673088,2.654208,11787.0,2.4879999999993743,4759.425024,0.0,2372655.0,33.6,11.125,28448.432128,1035.0,,,,,,,,,,,,,,
1561,869,,,1681386918,10.875,0.0,8.719999999999999,8475.492352,0.028600000592064658,1919014.0,104.99092136854655,2389.397504,2518.0,6181.429248,0.0,0.0,0.0,4.125,981249.0,40.435373492813746,20940.443648,2.654208,11787.0,2.488999999999578,4759.425024,0.0,2376718.0,33.6,10.875,28448.432128,1035.0,,,,,,,,,,,,,,
1562,870,,,1681386919,10.875,0.0,8.72799999999998,8471.425024,0.036771577998897825,1923147.0,30.60842053074233,2389.397504,2521.0,6181.429248,0.0,0.0,0.0,4.125,982711.0,62.3203634586885,20944.498688,2.654208,11787.0,2.4919999999992797,4759.425024,0.0,2380055.0,33.6,10.875,28448.432128,1035.0,,,,,,,,,,,,,,
1563,871,,,1681386920,10.875,0.0,8.73599999999999,8472.014848,0.00408569784896182,1925969.0,9.198294363756506,2389.397504,2522.0,6181.429248,0.0,0.0,0.0,4.125,983701.0,54.74607695165861,20943.908864,2.654208,11787.0,2.4919999999992797,4759.425024,0.0,2382317.0,33.6,10.875,28448.432128,1035.0,,,,,,,,,,,,,,
1564,872,,,1681386921,10.875,0.0,8.73999999999998,8474.80832,0.004085876645160879,1931071.0,95.25151248312322,2389.397504,2523.0,6181.429248,0.0,0.0,0.0,4.125,985857.0,39.154740418963534,20941.12768,2.654208,11787.0,2.4929999999994834,4759.425024,0.0,2386480.0,33.6,10.875,28448.432128,1035.0,,,,,,,,,,,,,,
1565,873,,,1681386922,10.875,0.0,8.74799999999999,8475.570176,0.004085953414163851,1954607.0,2.6620305704631044,2389.397504,2524.0,6181.429248,0.0,0.0,0.0,4.125,990109.0,49.64776553761141,20940.333056,2.654208,11787.0,2.493999999999687,4759.425024,0.0,2401305.0,33.6,10.875,28448.432128,1035.0,,,,,,,,,,,,,,
1566,874,,,1681386923,10.875,0.0,8.751999999999981,8478.04416,0.0040873192183504825,1964172.0,3.70215324586353,2389.397504,2525.0,6181.429248,0.0,0.0,0.0,3.875,992517.0,48.158008446757314,20937.887744,2.654208,11787.0,2.494999999999891,4759.425024,0.0,2407888.0,33.7,10.75,28448.432128,1035.0,,,,,,,,,,,,,,
1567,874,,,1681386923,,,,,,,,,,,,,,,,,,,,,,,,,,,,,,,3.0,80.22991707500023,22221.0,7.3148193359375,,80.63175906700053,3.0,0.0001,0.004338906000157294,0.0,694.0
1568,875,,,1681386924,10.875,0.0,8.763999999999982,8475.713536,0.032683631847843064,1968875.0,15.563967827804444,2389.397504,2529.0,6181.429248,0.0,0.0,0.0,3.875,994261.0,42.23067550976665,20940.214272,2.654208,11860.0,2.4979999999995925,4759.425024,0.0,2411683.0,33.6,10.75,28448.432128,1041.0,,,,,,,,,,,,,,
1569,876,,,1681386925,10.875,0.0,8.768,8475.430912,0.004085670646397345,1969603.0,0.16688209026827253,2389.397504,2530.0,6181.429248,0.0,0.0,0.0,3.875,994592.0,0.11245968053321559,20940.4928,2.654208,11860.0,2.4989999999997963,4759.425024,0.0,2412234.0,33.6,10.75,28448.432128,1041.0,,,,,,,,,,,,,,
1570,877,,,1681386926,10.875,0.0,8.771999999999991,8475.46368,0.004085552105726375,1969779.0,0.0005266532056363153,2389.397504,2531.0,6181.429248,0.0,0.0,0.0,3.875,994699.0,0.0,20940.460032,2.654208,11860.0,2.4989999999997963,4759.425024,0.0,2412355.0,33.6,10.75,28448.432128,1041.0,,,,,,,,,,,,,,
1571,878,,,1681386927,10.875,0.0,8.780000000000001,8475.394048,0.004085973821599356,1970041.0,0.045687890862509815,2389.397504,2532.0,6181.429248,0.0,0.0,0.0,3.875,994910.0,0.057634576047295924,20940.525568,2.654208,11860.0,2.5,4759.425024,0.0,2412571.0,33.6,10.75,28448.432128,1041.0,,,,,,,,,,,,,,
1572,879,,,1681386928,10.75,0.0,8.783999999999992,8475.394048,0.004085227625100079,1970191.0,0.028285413949387394,2389.397504,2533.0,6181.429248,0.0,0.0,0.0,3.5000000000000004,995002.0,0.004029374873877594,20940.525568,2.654208,11860.0,2.5009999999992942,4759.425024,0.0,2412678.0,33.6,10.5,28448.432128,1041.0,,,,,,,,,,,,,,
1573,880,,,1681386929,10.75,0.0,8.799999999999983,4481.458176,0.15119714144347388,1972449.0,0.3459400812095838,2391.502848,2542.0,6181.523456,0.0,0.0,0.0,3.5000000000000004,996110.0,0.41650247182914274,24934.46144,2.654208,11882.0,2.506999999999607,4751.036416,0.0,2414921.0,21.0,10.5,28439.98208,1041.0,,,,,,,,,,,,,,
1574,881,,,1681386930,10.75,0.0,8.804000000000002,4480.847872,0.004085731860841807,1972649.0,0.004261290642197424,2391.502848,2543.0,6181.523456,0.0,0.0,0.0,3.5000000000000004,996402.0,0.01575241149922738,24935.133184,2.654208,11882.0,2.507999999999811,4751.036416,0.0,2415153.0,21.0,10.5,28439.98208,1041.0,,,,,,,,,,,,,,
1575,882,,,1681386931,10.75,0.0,8.807999999999993,4480.847872,0.00408570173921927,1972861.0,0.004492675946608622,2391.502848,2544.0,6181.523456,0.0,0.0,0.0,3.5000000000000004,996550.0,0.024099256378933648,24935.133184,2.654208,11882.0,2.508999999999105,4751.036416,0.0,2415310.0,21.0,10.5,28439.98208,1041.0,,,,,,,,,,,,,,
1576,883,,,1681386932,10.75,0.0,8.819999999999993,4480.847872,0.028602292931367478,1973058.0,0.0,2391.502848,2551.0,6181.523456,0.0,0.0,0.0,3.5000000000000004,996657.0,0.0,24935.13728,2.654208,11882.0,2.5159999999996217,4751.036416,0.0,2415444.0,21.0,10.5,28439.98208,1041.0,,,,,,,,,,,,,,
1577,884,,,1681386933,10.75,0.0,8.823999999999984,4480.847872,0.004085806680987243,1973194.0,0.0,2391.502848,2552.0,6181.523456,0.0,0.0,0.0,3.25,996768.0,0.0,24935.13728,2.654208,11882.0,2.5169999999998254,4751.036416,0.0,2415545.0,21.0,10.375,28439.98208,1041.0,,,,,,,,,,,,,,
1578,885,,,1681386934,10.75,0.0,8.835999999999984,4363.599872,0.0408593009090422,1973458.0,0.011459757041478839,2372.214784,2555.0,6011.224064,0.0,0.0,0.0,3.25,996888.0,0.002609568586774858,25071.661056,2.654208,11887.0,2.5189999999993233,4637.77792,0.0,2415729.0,20.6,10.375,28307.43552,1042.0,,,,,,,,,,,,,,
1579,886,,,1681386935,10.75,0.0,8.843999999999994,4249.780224,0.22471199240000753,1974859.0,0.01829774853993652,788.488192,2598.0,4351.93856,0.0,0.0,0.0,3.25,998113.0,0.05290626812521939,26769.252352,2.654208,11891.0,2.605999999999767,4440.633344,0.0,2416863.0,15.2,10.375,26526.502912,1059.0,,,,,,,,,,,,,,
1580,887,,,1681386936,10.75,0.0,8.847999999999985,4249.780224,0.004084755563417946,1975048.0,0.0,788.488192,2599.0,4351.930368,0.0,0.0,0.0,3.25,998244.0,0.0,26769.252352,2.654208,11897.0,2.606999999999971,4423.856128,0.0,2417002.0,15.2,10.375,26509.717504,1060.0,,,,,,,,,,,,,,
1581,888,,,1681386937,10.75,0.0,8.867999999999995,4249.407488,0.01634190142172426,1975541.0,0.05331864515274381,788.488192,2603.0,4349.927424,0.0,0.0,0.0,3.25,998515.0,0.06389140850191101,26769.616896,2.654208,11909.0,2.6099999999996726,4398.690304,0.0,2417360.0,15.2,10.375,26484.539392,1060.0,,,,,,,,,,,,,,
